34
G000015005.fna 0.0 0.2018010795037331 0.19759665972731252 0.20408412711555346 0.22377709770559856 0.22199417535365495 0.21126196229130748 0.2049997626718908 0.2129713316322319 0.2206996411307316 0.20510045792071907 0.20685595063703943 0.21769771918542338 0.18634760989083832 0.22084235414815845 0.18720297935395105 0.20160243654439658 0.21439108387460348 0.1889071076524399 0.207993593997514 0.21941369860418242 0.20367043433704018 0.21183151174388892 0.21343693104125994 0.21071284943627772 0.18923038353295518 0.22175718288646 0.21040710666873685 0.21146828681016694 0.21184800282855387 0.21167590724780314 0.19548115754677783 0.1770263754236714 0.19909460345869828 
G000015305.fna 0.2018010795037331 0.0 0.1529017898638963 0.14579498445104916 0.20219348595242045 0.21548004776006507 0.21121538283998453 0.17600693843675438 0.20900097921891642 0.2148527708862094 0.21896606642833535 0.20516785666890075 0.17759193968957598 0.20483003265982572 0.19034022259272695 0.2091758221454118 0.20205009440554605 0.2139308296976906 0.20799878652711212 0.19922642171906718 0.21263118636727907 0.15742799812215325 0.18845198899426546 0.17408103048275303 0.2141977916433212 0.20936186969364734 0.2198339098635651 0.20753164132051372 0.20780417091467818 0.19939886549388014 0.20578202405991577 0.21279053290912275 0.1871111322678491 0.1509367206981671 
G000015405.fna 0.19759665972731252 0.1529017898638963 0.0 0.14994098344031592 0.19244272641349364 0.2167786111356278 0.20325256809792536 0.18496420594225846 0.21290971215520554 0.2144090755766641 0.21776351184376802 0.20111468547725758 0.1765247590242058 0.2035071377352252 0.18779998107294796 0.20904843484769142 0.18843472244584264 0.21037488766524556 0.20699050676488195 0.19817529830499864 0.21216607520626524 0.153421234441929 0.18364534016973744 0.20554993298986116 0.21354312259371583 0.20770269591109874 0.21818825140677242 0.20993018400312152 0.2080710578852329 0.2001949547033602 0.16879149955797232 0.17979002158618357 0.18510755445820695 0.19034660556464927 
G000184435.fna 0.20408412711555346 0.14579498445104916 0.14994098344031592 0.0 0.19507919034321367 0.20959981244110282 0.21386794870777637 0.18309005701188844 0.21324190836843576 0.22136095889961255 0.22016251772168183 0.2059659710282149 0.17288656667615263 0.20931674658224864 0.18306185127972344 0.21168281047712456 0.20439180172580204 0.216732207074871 0.2134667046270457 0.20085971218403992 0.21647259907184363 0.14047600108034045 0.1811647503700843 0.17880574407654337 0.20665940824108842 0.21245485381395207 0.21896592945132182 0.20794659218331785 0.2102109619912807 0.198230181166168 0.2073405602946929 0.21648210011472352 0.18960687077576655 0.166855198290302 
G000230895.fna 0.22377709770559856 0.20219348595242045 0.19244272641349364 0.19507919034321367 0.0 0.23105186206787953 0.22749927164335232 0.1962386793581355 0.23251168462237254 0.2077807775885312 0.23126953774573303 0.21541026810747796 0.20973702538239097 0.22359911103900212 0.21844696435026667 0.22529945059244627 0.2089030147017782 0.2231673376961021 0.2274951347424834 0.20265039144130578 0.22566306814679576 0.1930402093982242 0.22035150783256044 0.21960583292076777 0.2308854449219348 0.22685633572003838 0.2319757930949991 0.22732572056904565 0.22371788291896694 0.20228058251161227 0.19411326538706952 0.21507526118525871 0.20179991586146379 0.21548107703317332 
G000230935.fna 0.22199417535365495 0.21548004776006507 0.2167786111356278 0.20959981244110282 0.23105186206787953 0.0 0.22757150057389924 0.20400160374821386 0.22579295333851937 0.23047078238739055 0.23184682079572 0.22305386649303408 0.21987552049907072 0.21955083927817234 0.15345735455922047 0.2270335420163152 0.2141193120110657 0.2237825180822562 0.22323147305416524 0.22136958079989316 0.16119412124219504 0.21812346174093145 0.2237433468464307 0.22568027592907583 0.2111196085647798 0.2233160979211699 0.23410214385028577 0.22222552323796713 0.18368827788916836 0.22480501447403128 0.2257539321781876 0.22775134177141804 0.20798271003212837 0.21620490259405228 
G000234585.fna 0.21126196229130748 0.21121538283998453 0.20325256809792536 0.21386794870777637 0.22749927164335232 0.22757150057389924 0.0 0.2111717073643961 0.22440946360889197 0.22606844989087788 0.22556341892432102 0.1749924174450487 0.22928455627278765 0.21682713078417898 0.22323439651679883 0.22356919543126957 0.21278744147414697 0.22721136298476646 0.2201377963881766 0.19611117161813738 0.22315987827596712 0.21185344008144197 0.22050489074184038 0.22261357020561862 0.22427810461921227 0.21901294123599724 0.2358217306602047 0.22263845628025403 0.21323815999849105 0.20756477767634252 0.20927514883935983 0.22330919152043283 0.177093128895679 0.20750292078580318 
G000266905.fna 0.2049997626718908 0.17600693843675438 0.18496420594225846 0.18309005701188844 0.1962386793581355 0.20400160374821386 0.2111717073643961 0.0 0.2159405314355984 0.21235615265064647 0.21985809460403843 0.20603899763972755 0.18448878298861418 0.2088579172699056 0.21286795457127866 0.2130966090230435 0.19361403993836956 0.2143704463095078 0.21319356701631725 0.20066193681048627 0.2140786889630178 0.1463772019951456 0.18390608121464722 0.18807013656976268 0.21624226593500548 0.2135349991441295 0.2200955580879378 0.21460275217501032 0.20899711469676288 0.20111673217567944 0.1912216748173448 0.2033461403259083 0.1896990042382629 0.17782302487003446 
G000317305.fna 0.2129713316322319 0.20900097921891642 0.21290971215520554 0.21324190836843576 0.23251168462237254 0.22579295333851937 0.22440946360889197 0.2159405314355984 0.0 0.23406311726371348 0.2207503876447835 0.2229780739950608 0.21977952570242798 0.20526326942840156 0.223883844259463 0.21752503601381795 0.18876606960425918 0.22339166748536976 0.21231456993158687 0.2221087158667312 0.22291451254726244 0.21469006233634275 0.21195382227273304 0.2164746677470718 0.21136781928718557 0.2119570572633358 0.21904010219296793 0.17629307736978753 0.2153895365239693 0.22542313901717548 0.2269185401353509 0.21811010131703454 0.20691276161497496 0.20755884511125763 
G000328565.fna 0.2206996411307316 0.2148527708862094 0.2144090755766641 0.22136095889961255 0.2077807775885312 0.23047078238739055 0.22606844989087788 0.21235615265064647 0.23406311726371348 0.0 0.22876830165271195 0.2185043967222947 0.22768336093562835 0.22204673842912914 0.22838069643615416 0.22360826306139103 0.2206044516044109 0.2133809280621737 0.2247625371872685 0.20430675368370843 0.22599538933675717 0.19332626252148513 0.22350451688095552 0.22327619710825425 0.22932427375058645 0.22567777851706428 0.23405245234456895 0.23087984448176163 0.2239736802431131 0.20468573508197707 0.20961691089276624 0.2249017799583533 0.20292868268286252 0.2155740229421504 
G000373905.fna 0.20510045792071907 0.21896606642833535 0.21776351184376802 0.22016251772168183 0.23126953774573303 0.23184682079572 0.22556341892432102 0.21985809460403843 0.2207503876447835 0.22876830165271195 0.0 0.2245448281452771 0.22878508295495376 0.19573823825983766 0.22517876468546472 0.18836904063893173 0.210971536300662 0.22908086509923348 0.1993467312389524 0.21920521934384352 0.22754215876718412 0.21977097277832391 0.2218333599504002 0.22503510721591014 0.21670704554733367 0.19844346170935978 0.23254269324160828 0.2207650281680057 0.21979313845754606 0.22320526341250924 0.22605850356282142 0.1494958193933019 0.21016041144767056 0.2184005178403583 
G000379865.fna 0.20685595063703943 0.20516785666890075 0.20111468547725758 0.2059659710282149 0.21541026810747796 0.22305386649303408 0.1749924174450487 0.20603899763972755 0.2229780739950608 0.2185043967222947 0.2245448281452771 0.0 0.22499215656075322 0.21414069245177236 0.21835953824056653 0.2188600082283615 0.2082368583949769 0.22351871818728442 0.21681109490887995 0.18720432597303943 0.21920695556413458 0.2053321234563954 0.21519257782803075 0.21742559424055308 0.21838969032103914 0.2166068533336483 0.23279535820103026 0.21718868975213207 0.20877464596267262 0.19694119638408147 0.1988129262155135 0.21970886564138337 0.1611112569032386 0.20136025435740584 
G000455165.fna 0.21769771918542338 0.17759193968957598 0.1765247590242058 0.17288656667615263 0.20973702538239097 0.21987552049907072 0.22928455627278765 0.18448878298861418 0.21977952570242798 0.22768336093562835 0.22878508295495376 0.22499215656075322 0.0 0.21991668206830967 0.20970412859637927 0.21520793418767065 0.19663553126537567 0.22589620614642625 0.22405673200585813 0.21330369259645984 0.22596059119810502 0.1796848269736518 0.1951735356906693 0.18284736559688308 0.21766324539466148 0.22231882651465065 0.22956411662701853 0.21937410978183908 0.22094479995863714 0.21163424443797887 0.17941354220357955 0.18465602372209466 0.20510203645758773 0.18407393703246203 
G000455325.fna 0.18634760989083832 0.20483003265982572 0.2035071377352252 0.20931674658224864 0.22359911103900212 0.21955083927817234 0.21682713078417898 0.2088579172699056 0.20526326942840156 0.22204673842912914 0.19573823825983766 0.21414069245177236 0.21991668206830967 0.0 0.2182349633605063 0.17671052380491512 0.1965048307371454 0.21746318305739434 0.12054204139432606 0.21186451255912475 0.21876901155742415 0.2083863705949422 0.21330690402175737 0.21558391798434712 0.20292644497627027 0.12816061168020093 0.22425783619053724 0.20285818840250544 0.20980358895717532 0.21428424790189582 0.21660101214690203 0.16699957555453163 0.1987432911670663 0.20283321537899807 
G000559085.fna 0.22084235414815845 0.19034022259272695 0.18779998107294796 0.18306185127972344 0.21844696435026667 0.15345735455922047 0.22323439651679883 0.21286795457127866 0.223883844259463 0.22838069643615416 0.22517876468546472 0.21835953824056653 0.20970412859637927 0.2182349633605063 0.0 0.22538199701141884 0.21264687230319493 0.22606341720735265 0.22238317394184953 0.21960435104193704 0.1357944523890723 0.20661998759295905 0.21814513150914908 0.2225353350884894 0.20949902235615128 0.2223299105410322 0.23032969235744397 0.22222367682447577 0.18133066226392924 0.22160726456396154 0.22521641574483198 0.22646550572302054 0.20749842313748973 0.21488680071735672 
G000612825.fna 0.18720297935395105 0.2091758221454118 0.20904843484769142 0.21168281047712456 0.22529945059244627 0.2270335420163152 0.22356919543126957 0.2130966090230435 0.21752503601381795 0.22360826306139103 0.18836904063893173 0.2188600082283615 0.21520793418767065 0.17671052380491512 0.22538199701141884 0.0 0.20229728373970957 0.21793469765446344 0.18495266210449074 0.21520218882950398 0.22628678199061836 0.19798781083061123 0.2132412167906957 0.2202026282504132 0.20895733396361663 0.17080965068196427 0.22504690349375944 0.21068399982297406 0.21781633048863028 0.21719249204674262 0.2201947814824763 0.17062078047253298 0.20236315536905453 0.2099749145073973 
G000613185.fna 0.20160243654439658 0.20205009440554605 0.18843472244584264 0.20439180172580204 0.2089030147017782 0.2141193120110657 0.21278744147414697 0.19361403993836956 0.18876606960425918 0.2206044516044109 0.210971536300662 0.2082368583949769 0.19663553126537567 0.1965048307371454 0.21264687230319493 0.20229728373970957 0.0 0.2095317632411341 0.19938522489168214 0.21134755229567923 0.2127256265775946 0.19061300926159835 0.20848057946849868 0.20682432101124973 0.19854777612394453 0.2003373618931471 0.21545776859728172 0.18559220340148458 0.20392433320428427 0.21413834449218194 0.19741007182184037 0.18714460625520857 0.19423081356727467 0.20047817678710123 
G000620625.fna 0.21439108387460348 0.2139308296976906 0.21037488766524556 0.216732207074871 0.2231673376961021 0.2237825180822562 0.22721136298476646 0.2143704463095078 0.22339166748536976 0.2133809280621737 0.22908086509923348 0.22351871818728442 0.22589620614642625 0.21746318305739434 0.22606341720735265 0.21793469765446344 0.2095317632411341 0.0 0.21887165582810952 0.21485093439752162 0.22411163844565152 0.21047506522622383 0.2187676996549087 0.21673950043913148 0.21857838141574273 0.22246461713414029 0.20288868308058938 0.21509185763556965 0.21870583454886786 0.21638746836498673 0.219559411116577 0.22016398666763923 0.2058911876310492 0.21200871798576681 
G000805385.fna 0.1889071076524399 0.20799878652711212 0.20699050676488195 0.2134667046270457 0.2274951347424834 0.22323147305416524 0.2201377963881766 0.21319356701631725 0.21231456993158687 0.2247625371872685 0.1993467312389524 0.21681109490887995 0.22405673200585813 0.12054204139432606 0.22238317394184953 0.18495266210449074 0.19938522489168214 0.21887165582810952 0.0 0.21529550087459154 0.22007934529150536 0.21350933599616917 0.21888870076371053 0.21741323848074376 0.20729452853657707 0.13638269916861667 0.2270118876746685 0.20667114688240423 0.21410500005105382 0.21535889309301232 0.21926441350334744 0.1926401611659227 0.20225704687104318 0.2072917334317112 
G001005175.fna 0.207993593997514 0.19922642171906718 0.19817529830499864 0.20085971218403992 0.20265039144130578 0.22136958079989316 0.19611117161813738 0.20066193681048627 0.2221087158667312 0.20430675368370843 0.21920521934384352 0.18720432597303943 0.21330369259645984 0.21186451255912475 0.21960435104193704 0.21520218882950398 0.21134755229567923 0.21485093439752162 0.21529550087459154 0.0 0.21678599933311687 0.2020747818661177 0.21154053175261395 0.21350727073565917 0.21870218635081873 0.2153445940350573 0.2268461463499466 0.2190267230664819 0.21100712194585236 0.17564054590149536 0.18047402113064442 0.2168099666657099 0.17303849684774064 0.199762966305155 
G001021385.fna 0.21941369860418242 0.21263118636727907 0.21216607520626524 0.21647259907184363 0.22566306814679576 0.16119412124219504 0.22315987827596712 0.2140786889630178 0.22291451254726244 0.22599538933675717 0.22754215876718412 0.21920695556413458 0.22596059119810502 0.21876901155742415 0.1357944523890723 0.22628678199061836 0.2127256265775946 0.22411163844565152 0.22007934529150536 0.21678599933311687 0.0 0.2145432520892267 0.22009188600520224 0.22296211682499503 0.22078886861817382 0.22011437100854603 0.23209174165698937 0.220344976351224 0.1821224440145079 0.2203347623043635 0.22198843486441744 0.22536161678497968 0.2063843021042907 0.21249980931149348 
G001044235.fna 0.20367043433704018 0.15742799812215325 0.153421234441929 0.14047600108034045 0.1930402093982242 0.21812346174093145 0.21185344008144197 0.1463772019951456 0.21469006233634275 0.19332626252148513 0.21977097277832391 0.2053321234563954 0.1796848269736518 0.2083863705949422 0.20661998759295905 0.19798781083061123 0.19061300926159835 0.21047506522622383 0.21350933599616917 0.2020747818661177 0.2145432520892267 0.0 0.15743632848656208 0.18654775592458123 0.203641156905211 0.21300436647896667 0.2149779537682264 0.20998878190586123 0.2065356977513934 0.20377599728313966 0.1923984822144573 0.2009087203380939 0.1883360264859864 0.1768679784824973 
G001044245.fna 0.21183151174388892 0.18845198899426546 0.18364534016973744 0.1811647503700843 0.22035150783256044 0.2237433468464307 0.22050489074184038 0.18390608121464722 0.21195382227273304 0.22350451688095552 0.2218333599504002 0.21519257782803075 0.1951735356906693 0.21330690402175737 0.21814513150914908 0.2132412167906957 0.20848057946849868 0.2187676996549087 0.21888870076371053 0.21154053175261395 0.22009188600520224 0.15743632848656208 0.0 0.1947273654256298 0.21950112783454806 0.21880022809154548 0.20891199839447727 0.21464376017841982 0.2107700883790474 0.21330934852349023 0.21547739074311847 0.21831058543895174 0.1959630077068733 0.18737381877860987 
G001049355.fna 0.21343693104125994 0.17408103048275303 0.20554993298986116 0.17880574407654337 0.21960583292076777 0.22568027592907583 0.22261357020561862 0.18807013656976268 0.2164746677470718 0.22327619710825425 0.22503510721591014 0.21742559424055308 0.18284736559688308 0.21558391798434712 0.2225353350884894 0.2202026282504132 0.20682432101124973 0.21673950043913148 0.21741323848074376 0.21350727073565917 0.22296211682499503 0.18654775592458123 0.1947273654256298 0.0 0.22070814834843427 0.21878431771244722 0.21630415370701958 0.20911959506707214 0.21583541973908818 0.2153740689375237 0.2151130833947956 0.22106140582994682 0.20059640276116625 0.1770208709806981 
G001291445.fna 0.21071284943627772 0.2141977916433212 0.21354312259371583 0.20665940824108842 0.2308854449219348 0.2111196085647798 0.22427810461921227 0.21624226593500548 0.21136781928718557 0.22932427375058645 0.21670704554733367 0.21838969032103914 0.21766324539466148 0.20292644497627027 0.20949902235615128 0.20895733396361663 0.19854777612394453 0.21857838141574273 0.20729452853657707 0.21870218635081873 0.22078886861817382 0.203641156905211 0.21950112783454806 0.22070814834843427 0.0 0.20570063934683264 0.21988591248782768 0.20959551900372528 0.21184154966811147 0.22265490478999356 0.22366135924304237 0.21049838455576358 0.20177104632020262 0.21237211671630554 
G001307545.fna 0.18923038353295518 0.20936186969364734 0.20770269591109874 0.21245485381395207 0.22685633572003838 0.2233160979211699 0.21901294123599724 0.2135349991441295 0.2119570572633358 0.22567777851706428 0.19844346170935978 0.2166068533336483 0.22231882651465065 0.12816061168020093 0.2223299105410322 0.17080965068196427 0.2003373618931471 0.22246461713414029 0.13638269916861667 0.2153445940350573 0.22011437100854603 0.21300436647896667 0.21880022809154548 0.21878431771244722 0.20570063934683264 0.0 0.22816928556071037 0.21008619727060013 0.21368849463881928 0.2160242791360779 0.21825983021359008 0.18454151507357122 0.2013475369159471 0.20702340354104423 
G001426545.fna 0.22175718288646 0.2198339098635651 0.21818825140677242 0.21896592945132182 0.2319757930949991 0.23410214385028577 0.2358217306602047 0.2200955580879378 0.21904010219296793 0.23405245234456895 0.23254269324160828 0.23279535820103026 0.22956411662701853 0.22425783619053724 0.23032969235744397 0.22504690349375944 0.21545776859728172 0.20288868308058938 0.2270118876746685 0.2268461463499466 0.23209174165698937 0.2149779537682264 0.20891199839447727 0.21630415370701958 0.21988591248782768 0.22816928556071037 0.0 0.21609186289278592 0.22373269248307978 0.22893390699703076 0.22978148031398454 0.22763982649177006 0.2145604935123991 0.2161936101247885 
G001428895.fna 0.21040710666873685 0.20753164132051372 0.20993018400312152 0.20794659218331785 0.22732572056904565 0.22222552323796713 0.22263845628025403 0.21460275217501032 0.17629307736978753 0.23087984448176163 0.2207650281680057 0.21718868975213207 0.21937410978183908 0.20285818840250544 0.22222367682447577 0.21068399982297406 0.18559220340148458 0.21509185763556965 0.20667114688240423 0.2190267230664819 0.220344976351224 0.20998878190586123 0.21464376017841982 0.20911959506707214 0.20959551900372528 0.21008619727060013 0.21609186289278592 0.0 0.21181996376139411 0.22290138584964087 0.22427864153307253 0.21330748962009669 0.20297100731884116 0.2024720107143486 
G001494595.fna 0.21146828681016694 0.20780417091467818 0.2080710578852329 0.2102109619912807 0.22371788291896694 0.18368827788916836 0.21323815999849105 0.20899711469676288 0.2153895365239693 0.2239736802431131 0.21979313845754606 0.20877464596267262 0.22094479995863714 0.20980358895717532 0.18133066226392924 0.21781633048863028 0.20392433320428427 0.21870583454886786 0.21410500005105382 0.21100712194585236 0.1821224440145079 0.2065356977513934 0.2107700883790474 0.21583541973908818 0.21184154966811147 0.21368849463881928 0.22373269248307978 0.21181996376139411 0.0 0.21468196156023706 0.21642513856642376 0.21637762737180952 0.19606284909853547 0.20706088004314166 
G001499855.fna 0.21184800282855387 0.19939886549388014 0.2001949547033602 0.198230181166168 0.20228058251161227 0.22480501447403128 0.20756477767634252 0.20111673217567944 0.22542313901717548 0.20468573508197707 0.22320526341250924 0.19694119638408147 0.21163424443797887 0.21428424790189582 0.22160726456396154 0.21719249204674262 0.21413834449218194 0.21638746836498673 0.21535889309301232 0.17564054590149536 0.2203347623043635 0.20377599728313966 0.21330934852349023 0.2153740689375237 0.22265490478999356 0.2160242791360779 0.22893390699703076 0.22290138584964087 0.21468196156023706 0.0 0.15243685723836176 0.22030772421333175 0.1741482507958147 0.2049832797434853 
G001499915.fna 0.21167590724780314 0.20578202405991577 0.16879149955797232 0.2073405602946929 0.19411326538706952 0.2257539321781876 0.20927514883935983 0.1912216748173448 0.2269185401353509 0.20961691089276624 0.22605850356282142 0.1988129262155135 0.17941354220357955 0.21660101214690203 0.22521641574483198 0.2201947814824763 0.19741007182184037 0.219559411116577 0.21926441350334744 0.18047402113064442 0.22198843486441744 0.1923984822144573 0.21547739074311847 0.2151130833947956 0.22366135924304237 0.21825983021359008 0.22978148031398454 0.22427864153307253 0.21642513856642376 0.15243685723836176 0.0 0.18316419646207474 0.17347179511243982 0.20475998902148 
G001570425.fna 0.19548115754677783 0.21279053290912275 0.17979002158618357 0.21648210011472352 0.21507526118525871 0.22775134177141804 0.22330919152043283 0.2033461403259083 0.21811010131703454 0.2249017799583533 0.1494958193933019 0.21970886564138337 0.18465602372209466 0.16699957555453163 0.22646550572302054 0.17062078047253298 0.18714460625520857 0.22016398666763923 0.1926401611659227 0.2168099666657099 0.22536161678497968 0.2009087203380939 0.21831058543895174 0.22106140582994682 0.21049838455576358 0.18454151507357122 0.22763982649177006 0.21330748962009669 0.21637762737180952 0.22030772421333175 0.18316419646207474 0.0 0.2056470429523577 0.211657912654513 
G001583415.fna 0.1770263754236714 0.1871111322678491 0.18510755445820695 0.18960687077576655 0.20179991586146379 0.20798271003212837 0.177093128895679 0.1896990042382629 0.20691276161497496 0.20292868268286252 0.21016041144767056 0.1611112569032386 0.20510203645758773 0.1987432911670663 0.20749842313748973 0.20236315536905453 0.19423081356727467 0.2058911876310492 0.20225704687104318 0.17303849684774064 0.2063843021042907 0.1883360264859864 0.1959630077068733 0.20059640276116625 0.20177104632020262 0.2013475369159471 0.2145604935123991 0.20297100731884116 0.19606284909853547 0.1741482507958147 0.17347179511243982 0.2056470429523577 0.0 0.18350930114205266 
G001655245.fna 0.19909460345869828 0.1509367206981671 0.19034660556464927 0.166855198290302 0.21548107703317332 0.21620490259405228 0.20750292078580318 0.17782302487003446 0.20755884511125763 0.2155740229421504 0.2184005178403583 0.20136025435740584 0.18407393703246203 0.20283321537899807 0.21488680071735672 0.2099749145073973 0.20047817678710123 0.21200871798576681 0.2072917334317112 0.199762966305155 0.21249980931149348 0.1768679784824973 0.18737381877860987 0.1770208709806981 0.21237211671630554 0.20702340354104423 0.2161936101247885 0.2024720107143486 0.20706088004314166 0.2049832797434853 0.20475998902148 0.211657912654513 0.18350930114205266 0.0 
