34
G000015005.fna 0.0 0.19523204364120184 0.18999982219462785 0.19780537394566364 0.2191534679284892 0.21643489916935926 0.2023072677349234 0.19725649483615246 0.20755799078424303 0.2160578001852564 0.20161001903713485 0.19810943858976182 0.21217484068087494 0.17994754190722714 0.2151992692681208 0.18091904475035292 0.19330897158607308 0.2074941969509065 0.18318704390362958 0.20023638978161162 0.21390825790785928 0.19551505546891199 0.2048514710818432 0.20662428943547922 0.20424064327189048 0.18383108006390558 0.21494324364146083 0.202786538836921 0.2057405999357914 0.20505260287050486 0.20533549324224398 0.18941192029910447 0.17211853161836976 0.1913078033253197 
G000015305.fna 0.19523204364120184 0.0 0.1534494491338848 0.14363661770596842 0.1999038507986462 0.21052863597541577 0.2023248234193551 0.16835672003488042 0.20417825771435041 0.21053328532517207 0.21634633704530284 0.19627053912508902 0.17276605362661224 0.19904767358620032 0.19048692547908697 0.20338976140901147 0.19461869988986052 0.20768143264688188 0.2030785091996533 0.19230908589802886 0.20756517155836116 0.15370566955711487 0.18190352442415286 0.1677546342105753 0.20737185732686403 0.20478891095124865 0.21357397366636324 0.20101397941030436 0.20255741734648533 0.19425997952260218 0.19971304150932498 0.20723973985816274 0.17962302807333952 0.14498221945189071 
G000015405.fna 0.18999982219462785 0.1534494491338848 0.0 0.15119143431482118 0.19069322929167987 0.21092763701567285 0.19378669255805703 0.17881023086394546 0.20724741125315568 0.20953331446046772 0.2138890309824365 0.19199801782869488 0.17766881760019693 0.1967468338059039 0.18773366656619844 0.20179333570326013 0.18317547252009636 0.20356558521414694 0.20079482561782588 0.19014235652560002 0.2066736553359701 0.15310072886992285 0.18047703525534453 0.19859469933744509 0.20631909503084056 0.20237057128236424 0.21147504243731538 0.2024917803407726 0.2021092251568481 0.19332417653140124 0.16887998514027527 0.1800994240375707 0.17676214295301682 0.18250430949460367 
G000184435.fna 0.19780537394566364 0.14363661770596842 0.15119143431482118 0.0 0.19314208892270357 0.20648172223341243 0.2046700723503511 0.17522243846914906 0.20795863611006518 0.21686889899554307 0.21707464032796528 0.19706328517538926 0.1684557281554809 0.20320973809705556 0.1842583822384577 0.20583978777065737 0.1973990593404254 0.2106738508384661 0.20801005683300633 0.1936638813008309 0.21107089727875245 0.14025087036759903 0.17587731724137246 0.1717528533203948 0.20223615815958104 0.20744143945880297 0.21278223233776178 0.20133333114320523 0.20446801152136376 0.19359781380987415 0.20088691183096732 0.21079984550702982 0.18172922987686804 0.1594754667572106 
G000230895.fna 0.2191534679284892 0.1999038507986462 0.19069322929167987 0.19314208892270357 0.0 0.22757186245753952 0.2212831547966872 0.19397751565720492 0.2292349105382246 0.20567863971134887 0.22948351566560743 0.20807534883698725 0.20837397508060682 0.2190109951673154 0.21604277039001107 0.2207120483219015 0.20637707379481013 0.2189632696122263 0.22315289376733155 0.19695032721529826 0.2218387450141979 0.19106808120813276 0.21588291374410684 0.21502564534626284 0.22575721017966927 0.2231336961606953 0.2274406183605362 0.22231628923870678 0.2196619284504122 0.19742073640230634 0.1910256480348288 0.21354762913961872 0.19571186846969502 0.21020051773622936 
G000230935.fna 0.21643489916935926 0.21052863597541577 0.21092763701567285 0.20648172223341243 0.22757186245753952 0.0 0.220453410772941 0.20042590299278282 0.22216527601860708 0.22689336418223327 0.2297520101665739 0.21535127149210045 0.21814384587047828 0.21531006548117154 0.15142374182841392 0.22179239887810176 0.20799430094016047 0.21894056507534387 0.21895192557602589 0.2154040749025202 0.15756154772957 0.2109384211685216 0.21849063326543328 0.22055223164160126 0.20823591329765317 0.2198945593197001 0.2290936307372905 0.21730516513091075 0.17849008839203445 0.21947997138984862 0.22083926362096873 0.22326883893452798 0.2018646056431041 0.21026582386627424 
G000234585.fna 0.2023072677349234 0.2023248234193551 0.19378669255805703 0.2046700723503511 0.2212831547966872 0.220453410772941 0.0 0.20153977695834008 0.21747269763930557 0.22102874203801584 0.2207786840241774 0.168402450101161 0.22211885658122932 0.2091088778035092 0.21645334442112701 0.21470946858048592 0.20353613936811213 0.21906008188485396 0.2125228388950835 0.18749714721297356 0.21598644212847545 0.20197723794550526 0.21195900308564558 0.2144874166304837 0.21498848952716393 0.21272257984632104 0.22794603358107096 0.21384122226740543 0.20617378519785573 0.19972466145558457 0.20148012347445543 0.21607519085249036 0.17063683620135256 0.19822891384971947 
G000266905.fna 0.19725649483615246 0.16835672003488042 0.17881023086394546 0.17522243846914906 0.19397751565720492 0.20042590299278282 0.20153977695834008 0.0 0.20994732219940707 0.20722197860888075 0.21599794010906614 0.19594293080055403 0.1797833798095165 0.20191010988847255 0.20721588885642003 0.2059280104955645 0.1873400931603466 0.2066881598126466 0.2068120771776887 0.19236006580540177 0.20764756224672884 0.14270300253011384 0.17619844222299805 0.18030719831392664 0.20792589386277865 0.20751550632346658 0.21275357059033012 0.2067044376537866 0.20245502196186632 0.19405976780769574 0.18698830410913705 0.19888439125098317 0.180934490438079 0.16938753112171231 
G000317305.fna 0.20755799078424303 0.20417825771435041 0.20724741125315568 0.20795863611006518 0.2292349105382246 0.22216527601860708 0.21747269763930557 0.20994732219940707 0.0 0.23053003789811902 0.21843801395870469 0.2150728819600936 0.21613586116396916 0.20173429792539282 0.22053527737946899 0.21215035196679888 0.18278372375171303 0.21898998562824837 0.20850076318634328 0.2157171395988906 0.21901329028303612 0.20763595696328166 0.20696391180124996 0.21192807182124965 0.2064252767405608 0.2086154638511786 0.21534158368199288 0.17117572319226698 0.21133720940848633 0.21980728502222668 0.2218806492936368 0.21393809674562014 0.2000776404257008 0.20174542488175684 
G000328565.fna 0.2160578001852564 0.21053328532517207 0.20953331446046772 0.21686889899554307 0.20567863971134887 0.22689336418223327 0.22102874203801584 0.20722197860888075 0.23053003789811902 0.0 0.22797266046474712 0.21247873939732204 0.2246383731784854 0.21789362589941264 0.22563295385049273 0.21931174858373612 0.21489509191995676 0.20942823997768067 0.22092966295985805 0.1997456865758354 0.22259450498131333 0.19129983064594086 0.2193412717012918 0.21922552947005752 0.22434043701126544 0.22240025573171524 0.22972927118562697 0.22605103251455438 0.2203542790234166 0.20070166849460952 0.20578305514973141 0.22155692725077475 0.1980028000169384 0.21083438362692727 
G000373905.fna 0.20161001903713485 0.21634633704530284 0.2138890309824365 0.21707464032796528 0.22948351566560743 0.2297520101665739 0.2207786840241774 0.21599794010906614 0.21843801395870469 0.22797266046474712 0.0 0.21930350455960862 0.2270423892661837 0.19327726233505388 0.22337047025649526 0.1855373148515405 0.20744837084340872 0.2260189709673508 0.19718045073212576 0.2154512500967634 0.22586239927151974 0.21559111455819174 0.21836708737210114 0.2227336904515169 0.2130195920023068 0.19688325039378313 0.22943382216941588 0.21747352542998688 0.21768465982263946 0.22015284521290485 0.22288777373910176 0.14822564180344772 0.20604621987501676 0.21498829724885998 
G000379865.fna 0.19810943858976182 0.19627053912508902 0.19199801782869488 0.19706328517538926 0.20807534883698725 0.21535127149210045 0.168402450101161 0.19594293080055403 0.2150728819600936 0.21247873939732204 0.21930350455960862 0.0 0.21706558579457852 0.2061589093563424 0.21168105596470238 0.20975476919115385 0.19853574650495093 0.21463384731608715 0.20892759942785002 0.1779814957408829 0.21173610535211787 0.1949664075843008 0.20577128923397411 0.20855799772653985 0.20900957585517257 0.20952835747476878 0.22382760247942912 0.20827459758204417 0.200932256241249 0.18821659341519834 0.19027103564051256 0.21188504128872482 0.153456580978694 0.19184330495182605 
G000455165.fna 0.21217484068087494 0.17276605362661224 0.17766881760019693 0.1684557281554809 0.20837397508060682 0.21814384587047828 0.22211885658122932 0.1797833798095165 0.21613586116396916 0.2246383731784854 0.2270423892661837 0.21706558579457852 0.0 0.21542872173592903 0.20940691436719855 0.21191565095950962 0.1947055143363675 0.22097261749422467 0.2200042196419481 0.20770756497676857 0.222605447904548 0.17511333735533108 0.19007316350666328 0.17716454697978748 0.2143475144344191 0.2189627641734364 0.2243655816349403 0.2139252263894405 0.21671919474347143 0.20772176072058926 0.18220692062618957 0.18785577162974704 0.1984234570308266 0.17787921015938749 
G000455325.fna 0.17994754190722714 0.19904767358620032 0.1967468338059039 0.20320973809705556 0.2190109951673154 0.21531006548117154 0.2091088778035092 0.20191010988847255 0.20173429792539282 0.21789362589941264 0.19327726233505388 0.2061589093563424 0.21542872173592903 0.0 0.2137421163438748 0.1721368227023956 0.19031019163663854 0.21130015251458883 0.11825540759434484 0.2050451329718131 0.21381254438079594 0.2008032278601309 0.20796664613903543 0.21009248880065 0.19732472567268533 0.12613921376142795 0.21866346712764284 0.1972312142893464 0.2054665094329268 0.20805433753339436 0.21050137975983124 0.1659629640237621 0.1920533312883679 0.19692870196574724 
G000559085.fna 0.2151992692681208 0.19048692547908697 0.18773366656619844 0.1842583822384577 0.21604277039001107 0.15142374182841392 0.21645334442112701 0.20721588885642003 0.22053527737946899 0.22563295385049273 0.22337047025649526 0.21168105596470238 0.20940691436719855 0.2137421163438748 0.0 0.2205625842680588 0.20670571970078166 0.22105410091521135 0.21825427854942564 0.21362379650284982 0.13362194224505086 0.20169877986392487 0.21318550642300044 0.21749354237005702 0.20694445140931456 0.2188747027562233 0.22551498453690863 0.21696141079807718 0.17611150083580418 0.21712916347799846 0.22061529975092026 0.22164464278572021 0.20157045729822054 0.20908241073906741 
G000612825.fna 0.18091904475035292 0.20338976140901147 0.20179333570326013 0.20583978777065737 0.2207120483219015 0.22179239887810176 0.21470946858048592 0.2059280104955645 0.21215035196679888 0.21931174858373612 0.1855373148515405 0.20975476919115385 0.21191565095950962 0.1721368227023956 0.2205625842680588 0.0 0.19444917316243926 0.21108968029976224 0.1798081880211298 0.20771145813179437 0.22090078367460633 0.19326846198729772 0.20739129392795932 0.21389836947440596 0.20296825816697076 0.1692224668237513 0.21838141201348177 0.20389741885880783 0.21219817033979235 0.2110681902721447 0.2143855847620299 0.16622342883072336 0.19466154786369863 0.20309878519125674 
G000613185.fna 0.19330897158607308 0.19461869988986052 0.18317547252009636 0.1973990593404254 0.20637707379481013 0.20799430094016047 0.20353613936811213 0.1873400931603466 0.18278372375171303 0.21489509191995676 0.20744837084340872 0.19853574650495093 0.1947055143363675 0.19031019163663854 0.20670571970078166 0.19444917316243926 0.0 0.20145779876827444 0.1934587106750502 0.20272926337045039 0.2065703189510334 0.18341699406500708 0.2001338314981298 0.2009826420503354 0.19108486017335594 0.19493571026607948 0.20735121164011985 0.17839833685703674 0.1976279089588394 0.20645955402140548 0.19441139818707878 0.18353649620474435 0.18533881564355592 0.19238613768611235 
G000620625.fna 0.2074941969509065 0.20768143264688188 0.20356558521414694 0.2106738508384661 0.2189632696122263 0.21894056507534387 0.21906008188485396 0.2066881598126466 0.21898998562824837 0.20942823997768067 0.2260189709673508 0.21463384731608715 0.22097261749422467 0.21130015251458883 0.22105410091521135 0.21108968029976224 0.20145779876827444 0.0 0.21346166092382599 0.2075850744684001 0.21912617456283318 0.2025867005805052 0.2120832391259083 0.2106124605454168 0.21189770904819577 0.2174762858143643 0.19678625571784086 0.2085386240415574 0.21309965304726966 0.21047315834318645 0.21398498797406262 0.21436808709951194 0.1985275031393896 0.20514445347679247 
G000805385.fna 0.18318704390362958 0.2030785091996533 0.20079482561782588 0.20801005683300633 0.22315289376733155 0.21895192557602589 0.2125228388950835 0.2068120771776887 0.20850076318634328 0.22092966295985805 0.19718045073212576 0.20892759942785002 0.2200042196419481 0.11825540759434484 0.21825427854942564 0.1798081880211298 0.1934587106750502 0.21346166092382599 0.0 0.20841368070107322 0.21597827646663084 0.20633324723695767 0.21332133180512275 0.21252331197877813 0.20205634531231464 0.13392089656381312 0.22202691715095374 0.20183787744131748 0.2099375127390921 0.2095850761531968 0.21374914398302208 0.18789746840238278 0.19567273000598634 0.20158620387271314 
G001005175.fna 0.20023638978161162 0.19230908589802886 0.19014235652560002 0.1936638813008309 0.19695032721529826 0.2154040749025202 0.18749714721297356 0.19236006580540177 0.2157171395988906 0.1997456865758354 0.2154512500967634 0.1779814957408829 0.20770756497676857 0.2050451329718131 0.21362379650284982 0.20771145813179437 0.20272926337045039 0.2075850744684001 0.20841368070107322 0.0 0.21080776872126716 0.19359392915225948 0.2040452278058973 0.20588350261163615 0.21061819377934443 0.2097080839335119 0.219583245476349 0.21106014374012524 0.2045032860650991 0.169431356301843 0.17363493814545083 0.21037110730265438 0.16513275938468816 0.191501882828467 
G001021385.fna 0.21390825790785928 0.20756517155836116 0.2066736553359701 0.21107089727875245 0.2218387450141979 0.15756154772957 0.21598644212847545 0.20764756224672884 0.21901329028303612 0.22259450498131333 0.22586239927151974 0.21173610535211787 0.222605447904548 0.21381254438079594 0.13362194224505086 0.22090078367460633 0.2065703189510334 0.21912617456283318 0.21597827646663084 0.21080776872126716 0.0 0.20787961387024256 0.21513869021373314 0.2177802865257128 0.2154129621729335 0.2167304338093467 0.22726514103009 0.21506636623944456 0.1770569073889897 0.21551809189411442 0.21732390858309353 0.2212460844044816 0.20018103172372279 0.20693741704875762 
G001044235.fna 0.19551505546891199 0.15370566955711487 0.15310072886992285 0.14025087036759903 0.19106808120813276 0.2109384211685216 0.20197723794550526 0.14270300253011384 0.20763595696328166 0.19129983064594086 0.21559111455819174 0.1949664075843008 0.17511333735533108 0.2008032278601309 0.20169877986392487 0.19326846198729772 0.18341699406500708 0.2025867005805052 0.20633324723695767 0.19359392915225948 0.20787961387024256 0.0 0.15041503359552402 0.1780451178891713 0.1978817374361439 0.20691841199544547 0.20654977482056885 0.20148147011254142 0.19928093517559609 0.19668866626634934 0.18823752809072536 0.19624665149264062 0.17926906494392844 0.16810322721016405 
G001044245.fna 0.2048514710818432 0.18190352442415286 0.18047703525534453 0.17587731724137246 0.21588291374410684 0.21849063326543328 0.21195900308564558 0.17619844222299805 0.20696391180124996 0.2193412717012918 0.21836708737210114 0.20577128923397411 0.19007316350666328 0.20796664613903543 0.21318550642300044 0.20739129392795932 0.2001338314981298 0.2120832391259083 0.21332133180512275 0.2040452278058973 0.21513869021373314 0.15041503359552402 0.0 0.18738533006652858 0.21245023768000382 0.21413237296799892 0.20346951987482753 0.20777084738522503 0.20511339927676303 0.20712382470091875 0.20940754701547515 0.21229179297453785 0.18843994432382127 0.17989219351272023 
G001049355.fna 0.20662428943547922 0.1677546342105753 0.19859469933744509 0.1717528533203948 0.21502564534626284 0.22055223164160126 0.2144874166304837 0.18030719831392664 0.21192807182124965 0.21922552947005752 0.2227336904515169 0.20855799772653985 0.17716454697978748 0.21009248880065 0.21749354237005702 0.21389836947440596 0.2009826420503354 0.2106124605454168 0.21252331197877813 0.20588350261163615 0.2177802865257128 0.1780451178891713 0.18738533006652858 0.0 0.2143306245519156 0.21428366200267934 0.21080707969799373 0.2030248641345737 0.2102503453532938 0.20879243755495747 0.20944173364232804 0.215709181233972 0.19234197560562305 0.16974003592935166 
G001291445.fna 0.20424064327189048 0.20737185732686403 0.20631909503084056 0.20223615815958104 0.22575721017966927 0.20823591329765317 0.21498848952716393 0.20792589386277865 0.2064252767405608 0.22434043701126544 0.2130195920023068 0.20900957585517257 0.2143475144344191 0.19732472567268533 0.20694445140931456 0.20296825816697076 0.19108486017335594 0.21189770904819577 0.20205634531231464 0.21061819377934443 0.2154129621729335 0.1978817374361439 0.21245023768000382 0.2143306245519156 0.0 0.20107554026414015 0.2137748377246898 0.20293617853197576 0.2060153602030347 0.21549446492096141 0.21676754941212148 0.20451949526687327 0.19374186369622792 0.20495774550344617 
G001307545.fna 0.18383108006390558 0.20478891095124865 0.20237057128236424 0.20744143945880297 0.2231336961606953 0.2198945593197001 0.21272257984632104 0.20751550632346658 0.2086154638511786 0.22240025573171524 0.19688325039378313 0.20952835747476878 0.2189627641734364 0.12613921376142795 0.2188747027562233 0.1692224668237513 0.19493571026607948 0.2174762858143643 0.13392089656381312 0.2097080839335119 0.2167304338093467 0.20691841199544547 0.21413237296799892 0.21428366200267934 0.20107554026414015 0.0 0.22378896072409288 0.2052442761820333 0.21018000340248105 0.21101071224953166 0.21356164568750474 0.1817800418786158 0.1955813175997017 0.20195611814847797 
G001426545.fna 0.21494324364146083 0.21357397366636324 0.21147504243731538 0.21278223233776178 0.2274406183605362 0.2290936307372905 0.22794603358107096 0.21275357059033012 0.21534158368199288 0.22972927118562697 0.22943382216941588 0.22382760247942912 0.2243655816349403 0.21866346712764284 0.22551498453690863 0.21838141201348177 0.20735121164011985 0.19678625571784086 0.22202691715095374 0.219583245476349 0.22726514103009 0.20654977482056885 0.20346951987482753 0.21080707969799373 0.2137748377246898 0.22378896072409288 0.0 0.21001888076629185 0.21845421396597953 0.22314776180976204 0.22467472512535946 0.22155597588860632 0.20637230135713108 0.2090947159503478 
G001428895.fna 0.202786538836921 0.20101397941030436 0.2024917803407726 0.20133333114320523 0.22231628923870678 0.21730516513091075 0.21384122226740543 0.2067044376537866 0.17117572319226698 0.22605103251455438 0.21747352542998688 0.20827459758204417 0.2139252263894405 0.1972312142893464 0.21696141079807718 0.20389741885880783 0.17839833685703674 0.2085386240415574 0.20183787744131748 0.21106014374012524 0.21506636623944456 0.20148147011254142 0.20777084738522503 0.2030248641345737 0.20293617853197576 0.2052442761820333 0.21001888076629185 0.0 0.20654848790717617 0.21568830575397513 0.21754764909673935 0.20764612293427584 0.19489313034942068 0.19544035052069667 
G001494595.fna 0.2057405999357914 0.20255741734648533 0.2021092251568481 0.20446801152136376 0.2196619284504122 0.17849008839203445 0.20617378519785573 0.20245502196186632 0.21133720940848633 0.2203542790234166 0.21768465982263946 0.200932256241249 0.21671919474347143 0.2054665094329268 0.17611150083580418 0.21219817033979235 0.1976279089588394 0.21309965304726966 0.2099375127390921 0.2045032860650991 0.1770569073889897 0.19928093517559609 0.20511339927676303 0.2102503453532938 0.2060153602030347 0.21018000340248105 0.21845421396597953 0.20654848790717617 0.0 0.20944015327631618 0.21109267496854905 0.21163534102465065 0.18945282879718878 0.20124193366366935 
G001499855.fna 0.20505260287050486 0.19425997952260218 0.19332417653140124 0.19359781380987415 0.19742073640230634 0.21947997138984862 0.19972466145558457 0.19405976780769574 0.21980728502222668 0.20070166849460952 0.22015284521290485 0.18821659341519834 0.20772176072058926 0.20805433753339436 0.21712916347799846 0.2110681902721447 0.20645955402140548 0.21047315834318645 0.2095850761531968 0.169431356301843 0.21551809189411442 0.19668866626634934 0.20712382470091875 0.20879243755495747 0.21549446492096141 0.21101071224953166 0.22314776180976204 0.21568830575397513 0.20944015327631618 0.0 0.14790087932532345 0.2148075882896696 0.16696042730955957 0.19762798466228557 
G001499915.fna 0.20533549324224398 0.19971304150932498 0.16887998514027527 0.20088691183096732 0.1910256480348288 0.22083926362096873 0.20148012347445543 0.18698830410913705 0.2218806492936368 0.20578305514973141 0.22288777373910176 0.19027103564051256 0.18220692062618957 0.21050137975983124 0.22061529975092026 0.2143855847620299 0.19441139818707878 0.21398498797406262 0.21374914398302208 0.17363493814545083 0.21732390858309353 0.18823752809072536 0.20940754701547515 0.20944173364232804 0.21676754941212148 0.21356164568750474 0.22467472512535946 0.21754764909673935 0.21109267496854905 0.14790087932532345 0.0 0.1856781380056329 0.16640483784396454 0.19780134021119988 
G001570425.fna 0.18941192029910447 0.20723973985816274 0.1800994240375707 0.21079984550702982 0.21354762913961872 0.22326883893452798 0.21607519085249036 0.19888439125098317 0.21393809674562014 0.22155692725077475 0.14822564180344772 0.21188504128872482 0.18785577162974704 0.1659629640237621 0.22164464278572021 0.16622342883072336 0.18353649620474435 0.21436808709951194 0.18789746840238278 0.21037110730265438 0.2212460844044816 0.19624665149264062 0.21229179297453785 0.215709181233972 0.20451949526687327 0.1817800418786158 0.22155597588860632 0.20764612293427584 0.21163534102465065 0.2148075882896696 0.1856781380056329 0.0 0.1986560331013273 0.20546227813400278 
G001583415.fna 0.17211853161836976 0.17962302807333952 0.17676214295301682 0.18172922987686804 0.19571186846969502 0.2018646056431041 0.17063683620135256 0.180934490438079 0.2000776404257008 0.1980028000169384 0.20604621987501676 0.153456580978694 0.1984234570308266 0.1920533312883679 0.20157045729822054 0.19466154786369863 0.18533881564355592 0.1985275031393896 0.19567273000598634 0.16513275938468816 0.20018103172372279 0.17926906494392844 0.18843994432382127 0.19234197560562305 0.19374186369622792 0.1955813175997017 0.20637230135713108 0.19489313034942068 0.18945282879718878 0.16696042730955957 0.16640483784396454 0.1986560331013273 0.0 0.1749336419165532 
G001655245.fna 0.1913078033253197 0.14498221945189071 0.18250430949460367 0.1594754667572106 0.21020051773622936 0.21026582386627424 0.19822891384971947 0.16938753112171231 0.20174542488175684 0.21083438362692727 0.21498829724885998 0.19184330495182605 0.17787921015938749 0.19692870196574724 0.20908241073906741 0.20309878519125674 0.19238613768611235 0.20514445347679247 0.20158620387271314 0.191501882828467 0.20693741704875762 0.16810322721016405 0.17989219351272023 0.16974003592935166 0.20495774550344617 0.20195611814847797 0.2090947159503478 0.19544035052069667 0.20124193366366935 0.19762798466228557 0.19780134021119988 0.20546227813400278 0.1749336419165532 0.0 
