34
G000015005.fna 0.0 0.18360099355619972 0.18060615789195447 0.18541281889451575 0.20248492774493665 0.20092932766102606 0.19364658837354876 0.1868350560343789 0.19316981848801024 0.20024202920954534 0.18546979133357616 0.18948525402449568 0.1974419423752945 0.17097229714791773 0.2001007334201232 0.1715832098964624 0.1845348114476439 0.19536035401688007 0.1730900236932034 0.19041232789594498 0.19856555886690522 0.18593287058012453 0.19280533437394692 0.19474512144781397 0.19078012038477074 0.17291846793871044 0.20191509960286255 0.19248477727138155 0.191241570015246 0.19308390540552284 0.19327095521613427 0.1788608383276608 0.15950855943663653 0.18191143965214707 
G000015305.fna 0.18360099355619972 0.0 0.13408502826595045 0.13050224736777058 0.18162804471765673 0.19468554406148822 0.19412151602063005 0.16261045819855272 0.189463069963081 0.19527528523864762 0.19633585787917437 0.18876225893149162 0.16327731102959134 0.1865171086983084 0.16754257528173963 0.18949172158322442 0.18452639413932548 0.19467068334305287 0.1885178490474227 0.18241507511854266 0.19293008334868061 0.14161446201028577 0.1726935046356992 0.16128266902806518 0.19417554725521563 0.18975413067049302 0.19993052603631872 0.18934614361619306 0.1880671467057578 0.18105538514139174 0.18850125811054624 0.19319127098474834 0.17142405257311064 0.13981140819648039 
G000015405.fna 0.18060615789195447 0.13408502826595045 0.0 0.13033712874876804 0.17250573484462411 0.19678564906095192 0.18712935659528163 0.16807334431107546 0.19326872337210219 0.19506794962729992 0.1964277673037121 0.18491640931379355 0.15367904739719424 0.18593083720824713 0.16510233386420803 0.1907995224100951 0.16974805688036884 0.19199908464426657 0.1889538840194458 0.18192984555359404 0.1931009636832861 0.13449499025337003 0.16444010455812075 0.18776509251449314 0.19364339665942598 0.18871551860919789 0.1986271987841246 0.19194949286955842 0.18890649384518918 0.18333840896826847 0.14774640937541103 0.15694172836738443 0.1699657958322199 0.17433067682479836 
G000184435.fna 0.18541281889451575 0.13050224736777058 0.13033712874876804 0.0 0.1746732809961853 0.18679650258257832 0.19632588391968342 0.16841440449008063 0.19357712597451282 0.20039647130325067 0.19803015091426737 0.1894311436132537 0.15784069883018953 0.1904495685737189 0.15980507117103196 0.1915199523128041 0.18598571525434004 0.19688983786605868 0.1938961037706829 0.18355985622323112 0.19684851240479204 0.12283266778646448 0.1646825675430397 0.16511000319265304 0.18456687684200945 0.1924612178818255 0.19892213050792504 0.18954302060424227 0.19070242711499696 0.17894869961396834 0.1897650143109902 0.19637691973345822 0.1739851807690171 0.1543245925056694 
G000230895.fna 0.20248492774493665 0.18162804471765673 0.17250573484462411 0.1746732809961853 0.0 0.20841625600856706 0.20758622936059506 0.17533849390618056 0.20922931458075406 0.1886876085250832 0.20745403815818175 0.19841604677307167 0.18766846605886925 0.2030037453349349 0.19672320438932445 0.20411766957292066 0.18693955505244247 0.20267411709868102 0.20631588046242108 0.18671316396146637 0.20468108167230337 0.17253630613744422 0.1995894766075963 0.1994996261627605 0.20902339785165702 0.2055127682578476 0.21077915706414202 0.20675291391702255 0.2023657705429346 0.18569807814023653 0.17640929983288195 0.19215258229782972 0.185366486122499 0.19584972490133762 
G000230935.fna 0.20092932766102606 0.19468554406148822 0.19678564906095192 0.18679650258257832 0.20841625600856706 0.0 0.207807549201051 0.18368507214544424 0.2030564037941943 0.20868011380557216 0.20765913998463176 0.20439300841401148 0.19539147631988868 0.1982134105695241 0.13970325272778417 0.20488571117386317 0.1944570921104589 0.20285623485836607 0.20177609841019845 0.20132560296793278 0.14917082131380074 0.1988007735742946 0.2025180811569421 0.2042259546223703 0.1872634716939744 0.2011273191215583 0.21176030107574983 0.2011938117280452 0.16869802128607808 0.20392116402582977 0.20505037037941148 0.20552253676738336 0.18937102156911362 0.19615822118513512 
G000234585.fna 0.19364658837354876 0.19412151602063005 0.18712935659528163 0.19632588391968342 0.20758622936059506 0.207807549201051 0.0 0.19368643708012018 0.20502853863482567 0.20508986998506806 0.20508627008704008 0.15937708360397065 0.20917970467704766 0.19902047668118383 0.20403464252476383 0.20498849823215037 0.19562587429584025 0.20799879660679074 0.20254315478380938 0.18102263478923455 0.20413951425836774 0.19439816855162803 0.201779802779677 0.20355441148482073 0.2055846158271014 0.19990299025136193 0.2153485592583581 0.20506659206632036 0.1950543204169699 0.1907435032924923 0.19227166109263294 0.20424713192053282 0.16118702507278232 0.19099754980393652 
G000266905.fna 0.1868350560343789 0.16261045819855272 0.16807334431107546 0.16841440449008063 0.17533849390618056 0.18368507214544424 0.19368643708012018 0.0 0.19596729661216267 0.193078899016996 0.19762347876995906 0.18950853001740658 0.16769834864625802 0.19040804168876108 0.1935105791500769 0.1935709376503814 0.17527864213702926 0.19603322587386895 0.19394898836498028 0.18423328208071396 0.1949416961656017 0.1311320239184716 0.1690601007381651 0.17352579230465975 0.19715491703197574 0.19425673136707258 0.2005683874000044 0.1960829536419852 0.18972890131342848 0.18391196866921355 0.17264093036187192 0.18326246937702678 0.17396619356755957 0.16432320228089456 
G000317305.fna 0.19316981848801024 0.189463069963081 0.19326872337210219 0.19357712597451282 0.20922931458075406 0.2030564037941943 0.20502853863482567 0.19596729661216267 0.0 0.2111539342954621 0.19828232506054752 0.2047792509083122 0.198085607519642 0.1853900520540508 0.20152169383658186 0.19698563813678188 0.17267066201910483 0.20204063517862203 0.19201519982407067 0.2032115042532044 0.20136711674396693 0.1960725627071801 0.19202535247787827 0.19598910798149552 0.19049367126129665 0.19141338325388574 0.19763452298485065 0.16229941969868766 0.19511474304599186 0.2046643058653237 0.20614579132890148 0.19687925628669772 0.18940248628954698 0.18869130631356523 
G000328565.fna 0.20024202920954534 0.19527528523864762 0.19506794962729992 0.20039647130325067 0.1886876085250832 0.20868011380557216 0.20508986998506806 0.193078899016996 0.2111539342954621 0.0 0.20434461418755934 0.19959155318471528 0.20545416510551118 0.20171415342323626 0.20570215272361975 0.20247847738490596 0.20079581311590045 0.1943908325625282 0.20383952051194082 0.18689794101321852 0.20414370163635742 0.17376230830248404 0.20256603257772599 0.2025450605451219 0.20798709149617897 0.20392749986227104 0.21218295782917768 0.20934103194933393 0.20180264135805245 0.18718435142950554 0.19120362845119185 0.20320839687839926 0.18496812544638289 0.1960438310418625 
G000373905.fna 0.18546979133357616 0.19633585787917437 0.1964277673037121 0.19803015091426737 0.20745403815818175 0.20765913998463176 0.20508627008704008 0.19762347876995906 0.19828232506054752 0.20434461418755934 0.0 0.2040606621990222 0.2046856676795768 0.17755706607851945 0.20176062414425566 0.17121848412364238 0.19023542580645397 0.20689640953715677 0.18089866148472175 0.19806466116481752 0.20350509991934135 0.19839989837630526 0.20003108459930924 0.20183156444521766 0.19515470987671724 0.17937934319980556 0.2096893203297353 0.199138167315688 0.19762181794091405 0.20121124408658475 0.20408389942770105 0.13718217470717006 0.1901641886979879 0.19644971621891805 
G000379865.fna 0.18948525402449568 0.18876225893149162 0.18491640931379355 0.1894311436132537 0.19841604677307167 0.20439300841401148 0.15937708360397065 0.18950853001740658 0.2047792509083122 0.19959155318471528 0.2040606621990222 0.0 0.2063940427956404 0.19643200290016952 0.19918769295011443 0.20090799329586206 0.19153397434481229 0.20544518479068213 0.1993245333573446 0.17346049459312435 0.200515014403657 0.18905777731044904 0.19821235082129426 0.20024504996949388 0.19991629188728663 0.19832665777323288 0.21317244903393523 0.19974889489399317 0.19147743396803368 0.18224118143527757 0.1840551373111098 0.20101748703663508 0.1481492940420315 0.18558006238333188 
G000455165.fna 0.1974419423752945 0.16327731102959134 0.15367904739719424 0.15784069883018953 0.18766846605886925 0.19539147631988868 0.20917970467704766 0.16769834864625802 0.198085607519642 0.20545416510551118 0.2046856676795768 0.2063940427956404 0.0 0.19911762123641416 0.1848776956440275 0.19304659385597814 0.17456234530537537 0.20485263796837733 0.2025590305929007 0.19431912037185584 0.203167807498163 0.16317601309463112 0.1780228160600043 0.16914012819335697 0.19417098608674888 0.2002206942034352 0.2087012188213028 0.1995213889839142 0.19907824962517842 0.19155675999982552 0.15467011566287375 0.1585087088533334 0.18786716700233225 0.16968613027292404 
G000455325.fna 0.17097229714791773 0.1865171086983084 0.18593083720824713 0.1904495685737189 0.2030037453349349 0.1982134105695241 0.19902047668118383 0.19040804168876108 0.1853900520540508 0.20171415342323626 0.17755706607851945 0.19643200290016952 0.19911762123641416 0.0 0.19749684582122956 0.16089789468832139 0.17927639581570426 0.19823607214191147 0.11194459518996061 0.19392457441751543 0.19856346956574444 0.19059288266815277 0.1932258554311559 0.19594526178238791 0.18368037034145165 0.11825766114137023 0.2037850566564892 0.18505611031033742 0.18944090131631852 0.19630199039155655 0.19840166998474387 0.1482807269857957 0.18139352556665306 0.1845632903486421 
G000559085.fna 0.2001007334201232 0.16754257528173963 0.16510233386420803 0.15980507117103196 0.19672320438932445 0.13970325272778417 0.20403464252476383 0.1935105791500769 0.20152169383658186 0.20570215272361975 0.20176062414425566 0.19918769295011443 0.1848776956440275 0.19749684582122956 0.0 0.20377618106197853 0.19314834090693767 0.20497092865911973 0.20111828397157352 0.20029029186130415 0.12512531621253373 0.18665705804090352 0.1976670892361806 0.20163760948765108 0.185800243721287 0.20058651184461174 0.20829348528540398 0.20177753967130396 0.167037447395236 0.20073558755002174 0.20449116713891569 0.20511730802513478 0.1891762572211823 0.19518222263392768 
G000612825.fna 0.1715832098964624 0.18949172158322442 0.1907995224100951 0.1915199523128041 0.20411766957292066 0.20488571117386317 0.20498849823215037 0.1935709376503814 0.19698563813678188 0.20247847738490596 0.17121848412364238 0.20090799329586206 0.19304659385597814 0.16089789468832139 0.20377618106197853 0.0 0.18509449835308364 0.19900989918473916 0.16970491684967398 0.19662224763372887 0.20508615452212037 0.17694620644905656 0.19262755802479192 0.2006287421331292 0.18905540766028495 0.15269207954929018 0.2048626280152405 0.19247769368651188 0.19707323897366477 0.19753451477597275 0.20042513695061676 0.15588031561106802 0.18498628361146918 0.19121630029258269 
G000613185.fna 0.1845348114476439 0.18452639413932548 0.16974805688036884 0.18598571525434004 0.18693955505244247 0.1944570921104589 0.19562587429584025 0.17527864213702926 0.17267066201910483 0.20079581311590045 0.19023542580645397 0.19153397434481229 0.17456234530537537 0.17927639581570426 0.19314834090693767 0.18509449835308364 0.0 0.19218823919064681 0.1818407814933224 0.19395877651004773 0.19352672223293851 0.17340387297362075 0.19059923725767927 0.18741622983788872 0.18104585457193442 0.18239389569459177 0.19726283547126752 0.17091369153576683 0.18570993764204977 0.19575125276641742 0.17620557378817325 0.16815745391361486 0.17819090489306827 0.18337002732469493 
G000620625.fna 0.19536035401688007 0.19467068334305287 0.19199908464426657 0.19688983786605868 0.20267411709868102 0.20285623485836607 0.20799879660679074 0.19603322587386895 0.20204063517862203 0.1943908325625282 0.20689640953715677 0.20544518479068213 0.20485263796837733 0.19823607214191147 0.20497092865911973 0.19900989918473916 0.19218823919064681 0.0 0.19934095340759658 0.19692621958227324 0.20327963992946757 0.19223787873681025 0.19931892141528262 0.19781364667448093 0.1989180760385834 0.201921567338452 0.185548274804338 0.19642768945005512 0.19842457379831677 0.19724901155445268 0.20016330885927225 0.20071979401175105 0.18797765018225965 0.1933217088296646 
G000805385.fna 0.1730900236932034 0.1885178490474227 0.1889538840194458 0.1938961037706829 0.20631588046242108 0.20177609841019845 0.20254315478380938 0.19394898836498028 0.19201519982407067 0.20383952051194082 0.18089866148472175 0.1993245333573446 0.2025590305929007 0.11194459518996061 0.20111828397157352 0.16970491684967398 0.1818407814933224 0.19934095340759658 0.0 0.19799760879340655 0.19953434849376178 0.19472522300601125 0.19893072735892764 0.197159649975138 0.18788824875088972 0.12636461229665513 0.2059541927518356 0.18829367866229996 0.19376287185122104 0.1967502141095579 0.20060863244628835 0.17633995085513293 0.18512462126734214 0.18846633058439524 
G001005175.fna 0.19041232789594498 0.18241507511854266 0.18192984555359404 0.18355985622323112 0.18671316396146637 0.20132560296793278 0.18102263478923455 0.18423328208071396 0.2032115042532044 0.18689794101321852 0.19806466116481752 0.17346049459312435 0.19431912037185584 0.19392457441751543 0.20029029186130415 0.19662224763372887 0.19395877651004773 0.19692621958227324 0.19799760879340655 0.0 0.19763210260970532 0.18547857085288946 0.1936499727004431 0.19634643641389474 0.19985192640662663 0.19665248739971092 0.20728573998621758 0.20131926443378134 0.19256630730687935 0.16217339263740352 0.16738070388465542 0.1977792350126784 0.15994962828710158 0.18413162286812657 
G001021385.fna 0.19856555886690522 0.19293008334868061 0.1931009636832861 0.19684851240479204 0.20468108167230337 0.14917082131380074 0.20413951425836774 0.1949416961656017 0.20136711674396693 0.20414370163635742 0.20350509991934135 0.200515014403657 0.203167807498163 0.19856346956574444 0.12512531621253373 0.20508615452212037 0.19352672223293851 0.20327963992946757 0.19953434849376178 0.19763210260970532 0.0 0.19544984086414247 0.19930733838981424 0.2024840949605753 0.19950591993985076 0.1989137549482104 0.2100248402652695 0.20012529823473213 0.1673466957955388 0.20010700337433618 0.20143319723831365 0.20351557684001692 0.1879445313067467 0.1930698809596738 
G001044235.fna 0.18593287058012453 0.14161446201028577 0.13449499025337003 0.12283266778646448 0.17253630613744422 0.1988007735742946 0.19439816855162803 0.1311320239184716 0.1960725627071801 0.17376230830248404 0.19839989837630526 0.18905777731044904 0.16317601309463112 0.19059288266815277 0.18665705804090352 0.17694620644905656 0.17340387297362075 0.19223787873681025 0.19472522300601125 0.18547857085288946 0.19544984086414247 0.0 0.14564333688418998 0.17266750711237536 0.1825273553657869 0.19367357493790655 0.19681063656940878 0.19287271925539856 0.18797783166813298 0.1862576429089939 0.1731527959282163 0.1808100589761038 0.17296659183899327 0.1632207554412185 
G001044245.fna 0.19280533437394692 0.1726935046356992 0.16444010455812075 0.1646825675430397 0.1995894766075963 0.2025180811569421 0.201779802779677 0.1690601007381651 0.19202535247787827 0.20256603257772599 0.20003108459930924 0.19821235082129426 0.1780228160600043 0.1932258554311559 0.1976670892361806 0.19262755802479192 0.19059923725767927 0.19931892141528262 0.19893072735892764 0.1936499727004431 0.19930733838981424 0.14564333688418998 0.0 0.17926362871135854 0.19945162039032066 0.19802034477134367 0.18933584620412386 0.19564636466477242 0.19087398579273152 0.19425952038865077 0.1964363278315009 0.19846371723651013 0.17905520329778765 0.1720081105321488 
G001049355.fna 0.19474512144781397 0.16128266902806518 0.18776509251449314 0.16511000319265304 0.1994996261627605 0.2042259546223703 0.20355441148482073 0.17352579230465975 0.19598910798149552 0.2025450605451219 0.20183156444521766 0.20024504996949388 0.16914012819335697 0.19594526178238791 0.20163760948765108 0.2006287421331292 0.18741622983788872 0.19781364667448093 0.197159649975138 0.19634643641389474 0.2024840949605753 0.17266750711237536 0.17926362871135854 0.0 0.20014098560728916 0.19830725143470812 0.19726382392251818 0.19089803212203638 0.1961681451917799 0.1974957851662716 0.19643321305068917 0.2007074652987518 0.1847839439805882 0.1635997059956267 
G001291445.fna 0.19078012038477074 0.19417554725521563 0.19364339665942598 0.18456687684200945 0.20902339785165702 0.1872634716939744 0.2055846158271014 0.19715491703197574 0.19049367126129665 0.20798709149617897 0.19515470987671724 0.19991629188728663 0.19417098608674888 0.18368037034145165 0.185800243721287 0.18905540766028495 0.18104585457193442 0.1989180760385834 0.18788824875088972 0.19985192640662663 0.19950591993985076 0.1825273553657869 0.19945162039032066 0.20014098560728916 0.0 0.1858367952302405 0.19964426137936686 0.19064869733133463 0.19175640076270112 0.20320570342159303 0.20397473374685338 0.1912652686340896 0.18407331703225716 0.19274648230095354 
G001307545.fna 0.17291846793871044 0.18975413067049302 0.18871551860919789 0.1924612178818255 0.2055127682578476 0.2011273191215583 0.19990299025136193 0.19425673136707258 0.19141338325388574 0.20392749986227104 0.17937934319980556 0.19832665777323288 0.2002206942034352 0.11825766114137023 0.20058651184461174 0.15269207954929018 0.18239389569459177 0.201921567338452 0.12636461229665513 0.19665248739971092 0.1989137549482104 0.19367357493790655 0.19802034477134367 0.19830725143470812 0.1858367952302405 0.0 0.20612045598175416 0.19125539294267985 0.19301857576083575 0.19670463603040433 0.1988385601293638 0.16671735691687867 0.18374558941715718 0.18811909407835103 
G001426545.fna 0.20191509960286255 0.19993052603631872 0.1986271987841246 0.19892213050792504 0.21077915706414202 0.21176030107574983 0.2153485592583581 0.2005683874000044 0.19763452298485065 0.21218295782917768 0.2096893203297353 0.21317244903393523 0.2087012188213028 0.2037850566564892 0.20829348528540398 0.2048626280152405 0.19726283547126752 0.185548274804338 0.2059541927518356 0.20728573998621758 0.2100248402652695 0.19681063656940878 0.18933584620412386 0.19726382392251818 0.19964426137936686 0.20612045598175416 0.0 0.19711535541964953 0.2029259349705514 0.2082122735238106 0.20903714694744985 0.20720035222317387 0.1966372916661997 0.19697591847751542 
G001428895.fna 0.19248477727138155 0.18934614361619306 0.19194949286955842 0.18954302060424227 0.20675291391702255 0.2011938117280452 0.20506659206632036 0.1960829536419852 0.16229941969868766 0.20934103194933393 0.199138167315688 0.19974889489399317 0.1995213889839142 0.18505611031033742 0.20177753967130396 0.19247769368651188 0.17091369153576683 0.19642768945005512 0.18829367866229996 0.20131926443378134 0.20012529823473213 0.19287271925539856 0.19564636466477242 0.19089803212203638 0.19064869733133463 0.19125539294267985 0.19711535541964953 0.0 0.19208761392587403 0.20430886433128947 0.2054454230496625 0.19408810361698117 0.18630757145005208 0.1851896822196813 
G001494595.fna 0.191241570015246 0.1880671467057578 0.18890649384518918 0.19070242711499696 0.2023657705429346 0.16869802128607808 0.1950543204169699 0.18972890131342848 0.19511474304599186 0.20180264135805245 0.19762181794091405 0.19147743396803368 0.19907824962517842 0.18944090131631852 0.167037447395236 0.19707323897366477 0.18570993764204977 0.19842457379831677 0.19376287185122104 0.19256630730687935 0.1673466957955388 0.18797783166813298 0.19087398579273152 0.1961681451917799 0.19175640076270112 0.19301857576083575 0.2029259349705514 0.19208761392587403 0.0 0.1946409241800244 0.19631079609752217 0.19569175147348028 0.1788700771506787 0.18798404899133808 
G001499855.fna 0.19308390540552284 0.18105538514139174 0.18333840896826847 0.17894869961396834 0.18569807814023653 0.20392116402582977 0.1907435032924923 0.18391196866921355 0.2046643058653237 0.18718435142950554 0.20121124408658475 0.18224118143527757 0.19155675999982552 0.19630199039155655 0.20073558755002174 0.19753451477597275 0.19575125276641742 0.19724901155445268 0.1967502141095579 0.16217339263740352 0.20010700337433618 0.1862576429089939 0.19425952038865077 0.1974957851662716 0.20320570342159303 0.19670463603040433 0.2082122735238106 0.20430886433128947 0.1946409241800244 0.0 0.1421969859237765 0.20022336250396439 0.16132143856171782 0.18807612122286232 
G001499915.fna 0.19327095521613427 0.18850125811054624 0.14774640937541103 0.1897650143109902 0.17640929983288195 0.20505037037941148 0.19227166109263294 0.17264093036187192 0.20614579132890148 0.19120362845119185 0.20408389942770105 0.1840551373111098 0.15467011566287375 0.19840166998474387 0.20449116713891569 0.20042513695061676 0.17620557378817325 0.20016330885927225 0.20060863244628835 0.16738070388465542 0.20143319723831365 0.1731527959282163 0.1964363278315009 0.19643321305068917 0.20397473374685338 0.1988385601293638 0.20903714694744985 0.2054454230496625 0.19631079609752217 0.1421969859237765 0.0 0.15804636667956495 0.16069157684577745 0.18770504736393878 
G001570425.fna 0.1788608383276608 0.19319127098474834 0.15694172836738443 0.19637691973345822 0.19215258229782972 0.20552253676738336 0.20424713192053282 0.18326246937702678 0.19687925628669772 0.20320839687839926 0.13718217470717006 0.20101748703663508 0.1585087088533334 0.1482807269857957 0.20511730802513478 0.15588031561106802 0.16815745391361486 0.20071979401175105 0.17633995085513293 0.1977792350126784 0.20351557684001692 0.1808100589761038 0.19846371723651013 0.2007074652987518 0.1912652686340896 0.16671735691687867 0.20720035222317387 0.19408810361698117 0.19569175147348028 0.20022336250396439 0.15804636667956495 0.0 0.18761918051341986 0.19265177392522842 
G001583415.fna 0.15950855943663653 0.17142405257311064 0.1699657958322199 0.1739851807690171 0.185366486122499 0.18937102156911362 0.16118702507278232 0.17396619356755957 0.18940248628954698 0.18496812544638289 0.1901641886979879 0.1481492940420315 0.18786716700233225 0.18139352556665306 0.1891762572211823 0.18498628361146918 0.17819090489306827 0.18797765018225965 0.18512462126734214 0.15994962828710158 0.1879445313067467 0.17296659183899327 0.17905520329778765 0.1847839439805882 0.18407331703225716 0.18374558941715718 0.1966372916661997 0.18630757145005208 0.1788700771506787 0.16132143856171782 0.16069157684577745 0.18761918051341986 0.0 0.16896192949912323 
G001655245.fna 0.18191143965214707 0.13981140819648039 0.17433067682479836 0.1543245925056694 0.19584972490133762 0.19615822118513512 0.19099754980393652 0.16432320228089456 0.18869130631356523 0.1960438310418625 0.19644971621891805 0.18558006238333188 0.16968613027292404 0.1845632903486421 0.19518222263392768 0.19121630029258269 0.18337002732469493 0.1933217088296646 0.18846633058439524 0.18413162286812657 0.1930698809596738 0.1632207554412185 0.1720081105321488 0.1635997059956267 0.19274648230095354 0.18811909407835103 0.19697591847751542 0.1851896822196813 0.18798404899133808 0.18807612122286232 0.18770504736393878 0.19265177392522842 0.16896192949912323 0.0 
