34
G000011645.fna 0.0 0.23018355768866755 0.2479281087219769 0.30139159978966684 0.3212249043960046 0.23546925317358802 0.2661913513686762 0.284232739975006 0.26291073574006085 0.24404208685355153 0.24039207403556923 0.24626503793215868 0.223996378743638 0.2571058908021157 0.2618184594411169 0.26327836394502063 0.30476948918592217 0.2476744488555796 0.26204238546522174 0.23808297411211157 0.23978415706888748 0.235261549837876 0.25403743116345 0.2382279644560204 0.23761710541788442 0.2679724394888908 0.23898286578412214 0.23642088025789385 0.24329692354189184 0.15934825030521074 0.2620829307223087 0.23846546971216095 0.2737671443700897 0.23907140599712356 
G000196735.fna 0.23018355768866755 0.0 0.06984724978177233 0.3007799286641803 0.31321776142726904 0.18555705595655014 0.2583319339749043 0.2840053206448161 0.2568955693056838 0.19397527120096564 0.07074335363854659 0.06891991831316026 0.18352335055802452 0.25084580032540704 0.2544089429828623 0.26222033785347854 0.3065348071497499 0.07198541294446398 0.25564776810723555 0.07099124064534673 0.07041498304536181 0.07034875480204678 0.2448454489553817 0.07089900216136637 0.0701827184016265 0.26002702304590297 0.18530092148690958 0.06922709847758203 0.07069794266204939 0.2311038130478415 0.2556369838545187 0.18595632983009575 0.264523339314295 0.06945455048875297 
G000275785.fna 0.2479281087219769 0.06984724978177233 0.0 0.3384068996047298 0.32875122102652987 0.18463008213584947 0.26789390168243793 0.31543661167434156 0.26968974249607974 0.1940962038958533 0.030994283756470266 0.024168053022221893 0.18589288183416144 0.26916687779971726 0.2717017416416737 0.28834524360006547 0.3418821015893964 0.03196759400456264 0.26757168943431825 0.031104424919169073 0.0314843446304977 0.02687477293384326 0.2652263729344222 0.025636925557391214 0.026293364850885938 0.2645838312629335 0.1773382258585463 0.03490168126870556 0.03103800749183733 0.24952186314494385 0.26756527400880975 0.1854888479096582 0.2679722869807407 0.03145511109734708 
G000285535.fna 0.30139159978966684 0.3007799286641803 0.3384068996047298 0.0 0.30658628620639816 0.30643998363171115 0.31448439750810037 0.2960665785207459 0.31220549077088117 0.3183666555963247 0.3140208459074261 0.33788476958733055 0.3015858430349711 0.305814315285326 0.31071793022171335 0.3029782885895738 0.17446901353336922 0.3307967962913752 0.31116471022137754 0.306945533864564 0.30935527874769253 0.3078541787241015 0.2999189792968178 0.3122483750115774 0.3161022163025119 0.318827800986484 0.32772285039816634 0.3056094508340144 0.3296891362446473 0.3028885732695362 0.3110255699017546 0.3181060536092821 0.3222425147104126 0.3169063742206466 
G000518865.fna 0.3212249043960046 0.31321776142726904 0.32875122102652987 0.30658628620639816 0.0 0.3206108222738622 0.3188544911240714 0.30437174141183265 0.32448726153690766 0.3249771605409339 0.32902062506120033 0.3253894035520416 0.31843602748010363 0.3204465962890785 0.32872969869999563 0.31775070199861327 0.30878427467479774 0.32220864018061873 0.31897710702838944 0.3242703102594001 0.3255437739303375 0.32169264946648524 0.32006312962981864 0.3256604034555785 0.3219156473755105 0.3169523638496051 0.31902423592856394 0.31412824798903877 0.32231810690213936 0.32271852250511496 0.31882299880899434 0.3185441348119007 0.31798867869464115 0.32743184547373666 
G000696615.fna 0.23546925317358802 0.18555705595655014 0.18463008213584947 0.30643998363171115 0.3206108222738622 0.0 0.25768833651331724 0.29155989733617016 0.2556170867930383 0.08234391046837816 0.18160429604946043 0.18256682580264177 0.031868563629250085 0.25257835398043416 0.25617336319069445 0.2715807246587048 0.310913392567435 0.1818599708947674 0.25405297481141337 0.18090108858262044 0.18065020875607535 0.1808792782281039 0.24992306023401378 0.1822471745803545 0.18137637488206357 0.2572941287109147 0.08168402476199389 0.1799845298556535 0.18621427495990045 0.23547382291049027 0.2540423960825227 0.028319955485997615 0.2610670850549027 0.18251969069412907 
G000701305.fna 0.2661913513686762 0.2583319339749043 0.26789390168243793 0.31448439750810037 0.3188544911240714 0.25768833651331724 0.0 0.3056842353261264 0.09759993089361452 0.26654113658804474 0.26445451266968145 0.26708777387986427 0.25527208975367566 0.028123979973516094 0.10209629394309647 0.28665736711331075 0.32029024588517463 0.26523988647662 0.029392309857207408 0.26117440485475873 0.26141115384364283 0.2604301089850823 0.10223152032590593 0.26367859066885274 0.26054682770140636 0.10168367424985701 0.2612431556313791 0.25889512888466654 0.2657331306089388 0.26826722803506664 0.02938900051531443 0.25687392937765846 0.03207181320752894 0.2630829651081333 
G000709935.fna 0.284232739975006 0.2840053206448161 0.31543661167434156 0.2960665785207459 0.30437174141183265 0.29155989733617016 0.3056842353261264 0.0 0.29729389888917634 0.3019645845227905 0.29414423818359026 0.3121879170990851 0.2874427305119973 0.2902582090554871 0.29482847842007975 0.2929220221565077 0.30038727324034 0.309379344001257 0.2993740148906877 0.2872868975865749 0.2900245531512777 0.2887747935839039 0.28686135770446314 0.2917655986784078 0.29452687059655136 0.30569318941933515 0.3098347720334074 0.28922446451485906 0.30847431646760226 0.28668501614966097 0.29934049814799635 0.3013847619718073 0.31242691866631456 0.29589829067099205 
G000715205.fna 0.26291073574006085 0.2568955693056838 0.26968974249607974 0.31220549077088117 0.32448726153690766 0.2556170867930383 0.09759993089361452 0.29729389888917634 0.0 0.26863412348936255 0.25460861205227064 0.26899621095089243 0.25335630769723794 0.09789756136047162 0.09373313663445845 0.28089628729011695 0.3133881806243421 0.26606964707889036 0.09566787487182868 0.25558071347870115 0.25690145000275677 0.25595370842265097 0.09738673965454624 0.2583967320120516 0.2584004021900143 0.09372851662325961 0.265558010068357 0.25917230800053903 0.26933241460838436 0.26589584023272683 0.09568251076953996 0.26192937642813974 0.09796271363136227 0.2589930339125047 
G000740655.fna 0.24404208685355153 0.19397527120096564 0.1940962038958533 0.3183666555963247 0.3249771605409339 0.08234391046837816 0.26654113658804474 0.3019645845227905 0.26863412348936255 0.0 0.19517245951042922 0.19249487337300777 0.08390222946274781 0.2668032350652173 0.26951273482783294 0.281457401904941 0.322484942301164 0.19315744119347095 0.26767089285254514 0.19460010588806353 0.19377996698430677 0.19193929424730388 0.2641567814580449 0.19251759189753237 0.1921284751455103 0.2674179929055628 0.07562448319191314 0.1927261357865373 0.19629423893909537 0.2521220147429868 0.2676846240238078 0.0834383341386716 0.26977763855521164 0.1932350461885579 
G000740715.fna 0.24039207403556923 0.07074335363854659 0.030994283756470266 0.3140208459074261 0.32902062506120033 0.18160429604946043 0.26445451266968145 0.29414423818359026 0.25460861205227064 0.19517245951042922 0.0 0.03221806104587345 0.18103974104727932 0.25581826443644246 0.259453848345171 0.27398158108430964 0.315029356221252 0.03102413813087365 0.2586224040842108 0.017193587401943003 0.01805745696019477 0.030623076910683812 0.25446952019791835 0.031096224570743236 0.03136234952026549 0.26435753723663713 0.17852918887509084 0.027446667901313906 0.03261197477456231 0.24239732749996845 0.25861722311259017 0.18460418277110097 0.26601116195029983 0.03229364276153405 
G000746035.fna 0.24626503793215868 0.06891991831316026 0.024168053022221893 0.33788476958733055 0.3253894035520416 0.18256682580264177 0.26708777387986427 0.3121879170990851 0.26899621095089243 0.19249487337300777 0.03221806104587345 0.0 0.18479092913340167 0.2679300066924153 0.2717117420408669 0.2863465935197155 0.3416199312779519 0.03139738017129026 0.2657265632081134 0.0324537778009299 0.03265133496067851 0.025354478923052447 0.2653415580178197 0.025391059866255554 0.02702337457287952 0.2644450634616746 0.17675546494191702 0.03380457746674778 0.03178630603662984 0.24806445760005666 0.26576296995655035 0.18307854643886717 0.2659532350445565 0.02979506794471884 
G000747645.fna 0.223996378743638 0.18352335055802452 0.18589288183416144 0.3015858430349711 0.31843602748010363 0.031868563629250085 0.25527208975367566 0.2874427305119973 0.25335630769723794 0.08390222946274781 0.18103974104727932 0.18479092913340167 0.0 0.24961353489574717 0.2524309551777451 0.2692728545746035 0.30807326887821845 0.18434547099810267 0.25290996795167553 0.17953121564005453 0.1792999290391216 0.18285549409057922 0.24891610353176227 0.18355800083367985 0.18131700433752365 0.2568544812404241 0.08552858238393996 0.17661254146669242 0.1868523934685326 0.23613064190048438 0.25288780949927736 0.03261040801766771 0.2566357733503414 0.18328181375535066 
G000986655.fna 0.2571058908021157 0.25084580032540704 0.26916687779971726 0.305814315285326 0.3204465962890785 0.25257835398043416 0.028123979973516094 0.2902582090554871 0.09789756136047162 0.2668032350652173 0.25581826443644246 0.2679300066924153 0.24961353489574717 0.0 0.10130328899941465 0.27546869353154557 0.3082595038124983 0.26654741116902547 0.028725028851431363 0.2530096734008311 0.25431714453714843 0.2539482046484697 0.10097920902606886 0.25556504314522976 0.25832681659856527 0.10076396718637112 0.26257029622920974 0.25489971215247054 0.2671563404167857 0.25943632748269313 0.028789152181931208 0.2592179195319376 0.03233456180404189 0.255993927257394 
G001017485.fna 0.2618184594411169 0.2544089429828623 0.2717017416416737 0.31071793022171335 0.32872969869999563 0.25617336319069445 0.10209629394309647 0.29482847842007975 0.09373313663445845 0.26951273482783294 0.259453848345171 0.2717117420408669 0.2524309551777451 0.10130328899941465 0.0 0.2804686007884115 0.31544307516556697 0.27018293392859793 0.10104698534446861 0.2553197475061993 0.25950860443022805 0.2578543868758735 0.09008745602549384 0.25734133484189087 0.2624170722326952 0.03147566608814207 0.26542789077305473 0.25895385619344574 0.27061838096995366 0.2645004330743188 0.10099024151369113 0.26221841726872663 0.10154276246025376 0.25824218755425665 
G001278705.fna 0.26327836394502063 0.26222033785347854 0.28834524360006547 0.3029782885895738 0.31775070199861327 0.2715807246587048 0.28665736711331075 0.2929220221565077 0.28089628729011695 0.281457401904941 0.27398158108430964 0.2863465935197155 0.2692728545746035 0.27546869353154557 0.2804686007884115 0.0 0.30437502243113923 0.28668799010638546 0.2813500077796637 0.27040379035212236 0.2729037482867812 0.2691723692258774 0.26908494256046567 0.2719096512786152 0.27350114493549166 0.2868927610161945 0.2843811072276091 0.2684909128813066 0.28559946364166205 0.26384828120141085 0.2814739670334995 0.27969941654948816 0.2940125781240218 0.2741985374895239 
G001439915.fna 0.30476948918592217 0.3065348071497499 0.3418821015893964 0.17446901353336922 0.30878427467479774 0.310913392567435 0.32029024588517463 0.30038727324034 0.3133881806243421 0.322484942301164 0.315029356221252 0.3416199312779519 0.30807326887821845 0.3082595038124983 0.31544307516556697 0.30437502243113923 0.0 0.33595104182420044 0.3144026991016492 0.3127759918925147 0.3144349133010067 0.3100240584374859 0.3035000402058169 0.31235214568694114 0.3201799740122381 0.3205361361293089 0.3317828100098579 0.31155028108358107 0.333467440734473 0.30600387455576494 0.31427393501131656 0.32108825693575316 0.3251251729288584 0.32044774701758166 
G001440465.fna 0.2476744488555796 0.07198541294446398 0.03196759400456264 0.3307967962913752 0.32220864018061873 0.1818599708947674 0.26523988647662 0.309379344001257 0.26606964707889036 0.19315744119347095 0.03102413813087365 0.03139738017129026 0.18434547099810267 0.26654741116902547 0.27018293392859793 0.28668799010638546 0.33595104182420044 0.0 0.2640304254009423 0.030573044735433458 0.03134810289556094 0.03022307790489242 0.2666140688242966 0.030936559402824082 0.03148580390001034 0.2637093683885807 0.17749759781446528 0.034306531672906974 0.028335632662306806 0.24948210001456306 0.26404211391968063 0.18517561744559832 0.26423229861941877 0.02758467595433789 
G001457015.fna 0.26204238546522174 0.25564776810723555 0.26757168943431825 0.31116471022137754 0.31897710702838944 0.25405297481141337 0.029392309857207408 0.2993740148906877 0.09566787487182868 0.26767089285254514 0.2586224040842108 0.2657265632081134 0.25290996795167553 0.028725028851431363 0.10104698534446861 0.2813500077796637 0.3144026991016492 0.2640304254009423 0.0 0.2565121568696058 0.2596174565519982 0.2551327955562151 0.10232362963748867 0.2582528604569725 0.2593054195436819 0.10038583875923081 0.2610175596883829 0.25660610061273303 0.265668518248779 0.2638776463298832 0.001969525397521131 0.2563052247040151 0.03155025430496433 0.25899142024419614 
G001461825.fna 0.23808297411211157 0.07099124064534673 0.031104424919169073 0.306945533864564 0.3242703102594001 0.18090108858262044 0.26117440485475873 0.2872868975865749 0.25558071347870115 0.19460010588806353 0.017193587401943003 0.0324537778009299 0.17953121564005453 0.2530096734008311 0.2553197475061993 0.27040379035212236 0.3127759918925147 0.030573044735433458 0.2565121568696058 0.0 0.012990325724302788 0.031001633520668342 0.2516511589543292 0.0323494968038041 0.031127843575764105 0.26150451724399104 0.17902730244764453 0.027949018623896905 0.033171846953310026 0.23933054216994756 0.25650962766751906 0.18397740355190978 0.2646575814571527 0.032339990810062 
G001461845.fna 0.23978415706888748 0.07041498304536181 0.0314843446304977 0.30935527874769253 0.3255437739303375 0.18065020875607535 0.26141115384364283 0.2900245531512777 0.25690145000275677 0.19377996698430677 0.01805745696019477 0.03265133496067851 0.1792999290391216 0.25431714453714843 0.25950860443022805 0.2729037482867812 0.3144349133010067 0.03134810289556094 0.2596174565519982 0.012990325724302788 0.0 0.03195715641519165 0.2536777551679844 0.03254303109616691 0.031112055776655437 0.26220249367016046 0.17937085853257784 0.027853116408360263 0.03242585189117247 0.24060046639879112 0.25960682179718453 0.183290579293449 0.2656433667240921 0.03258058631494002 
G001517185.fna 0.235261549837876 0.07034875480204678 0.02687477293384326 0.3078541787241015 0.32169264946648524 0.1808792782281039 0.2604301089850823 0.2887747935839039 0.25595370842265097 0.19193929424730388 0.030623076910683812 0.025354478923052447 0.18285549409057922 0.2539482046484697 0.2578543868758735 0.2691723692258774 0.3100240584374859 0.03022307790489242 0.2551327955562151 0.031001633520668342 0.03195715641519165 0.0 0.2501114222013909 0.02565812762580097 0.0254818298288713 0.25959006825239395 0.17684540405077942 0.03363171940369357 0.03255387957577663 0.23811606668559082 0.2551326819942274 0.18362603931552274 0.26395921036841596 0.030404651656056214 
G001578205.fna 0.25403743116345 0.2448454489553817 0.2652263729344222 0.2999189792968178 0.32006312962981864 0.24992306023401378 0.10223152032590593 0.28686135770446314 0.09738673965454624 0.2641567814580449 0.25446952019791835 0.2653415580178197 0.24891610353176227 0.10097920902606886 0.09008745602549384 0.26908494256046567 0.3035000402058169 0.2666140688242966 0.10232362963748867 0.2516511589543292 0.2536777551679844 0.2501114222013909 0.0 0.25326286577821533 0.2549659919215606 0.08898115862254077 0.2613443767104765 0.2512131603030433 0.26447013797132596 0.2553885757786276 0.10236063213850723 0.25797598710099473 0.10133519526432555 0.2539716407631596 
G001587325.fna 0.2382279644560204 0.07089900216136637 0.025636925557391214 0.3122483750115774 0.3256604034555785 0.1822471745803545 0.26367859066885274 0.2917655986784078 0.2583967320120516 0.19251759189753237 0.031096224570743236 0.025391059866255554 0.18355800083367985 0.25556504314522976 0.25734133484189087 0.2719096512786152 0.31235214568694114 0.030936559402824082 0.2582528604569725 0.0323494968038041 0.03254303109616691 0.02565812762580097 0.25326286577821533 0.0 0.027783829310740454 0.2633373239575371 0.1785748221986242 0.03441548226481715 0.03072957609047773 0.24068408354942555 0.2582412433410762 0.18444671093497306 0.2657664876997546 0.030218768710488307 
G001617995.fna 0.23761710541788442 0.0701827184016265 0.026293364850885938 0.3161022163025119 0.3219156473755105 0.18137637488206357 0.26054682770140636 0.29452687059655136 0.2584004021900143 0.1921284751455103 0.03136234952026549 0.02702337457287952 0.18131700433752365 0.25832681659856527 0.2624170722326952 0.27350114493549166 0.3201799740122381 0.03148580390001034 0.2593054195436819 0.031127843575764105 0.031112055776655437 0.0254818298288713 0.2549659919215606 0.027783829310740454 0.0 0.2612511440112892 0.1777698416556907 0.03349716169268652 0.032374687402771996 0.24079364690774163 0.2593430634719849 0.1828037680441295 0.265020347904683 0.03214815351493784 
G001653905.fna 0.2679724394888908 0.26002702304590297 0.2645838312629335 0.318827800986484 0.3169523638496051 0.2572941287109147 0.10168367424985701 0.30569318941933515 0.09372851662325961 0.2674179929055628 0.26435753723663713 0.2644450634616746 0.2568544812404241 0.10076396718637112 0.03147566608814207 0.2868927610161945 0.3205361361293089 0.2637093683885807 0.10038583875923081 0.26150451724399104 0.26220249367016046 0.25959006825239395 0.08898115862254077 0.2633373239575371 0.2612511440112892 0.0 0.2597119833631689 0.26103268417933634 0.2637646565364653 0.2690626680622223 0.10036325778874639 0.2568646051237582 0.09851031775080593 0.26276720230252176 
G001663575.fna 0.23898286578412214 0.18530092148690958 0.1773382258585463 0.32772285039816634 0.31902423592856394 0.08168402476199389 0.2612431556313791 0.3098347720334074 0.265558010068357 0.07562448319191314 0.17852918887509084 0.17675546494191702 0.08552858238393996 0.26257029622920974 0.26542789077305473 0.2843811072276091 0.3317828100098579 0.17749759781446528 0.2610175596883829 0.17902730244764453 0.17937085853257784 0.17684540405077942 0.2613443767104765 0.1785748221986242 0.1777698416556907 0.2597119833631689 0.0 0.17796572990818404 0.17858440293387098 0.24324850228694217 0.2610336787347607 0.08379394886373229 0.2612058587503187 0.1773724498861486 
G001687195.fna 0.23642088025789385 0.06922709847758203 0.03490168126870556 0.3056094508340144 0.31412824798903877 0.1799845298556535 0.25889512888466654 0.28922446451485906 0.25917230800053903 0.1927261357865373 0.027446667901313906 0.03380457746674778 0.17661254146669242 0.25489971215247054 0.25895385619344574 0.2684909128813066 0.31155028108358107 0.034306531672906974 0.25660610061273303 0.027949018623896905 0.027853116408360263 0.03363171940369357 0.2512131603030433 0.03441548226481715 0.03349716169268652 0.26103268417933634 0.17796572990818404 0.0 0.03470709896060175 0.2379525426810446 0.2569196031938036 0.18457163452281078 0.2643772759244559 0.03467245664091081 
G001975995.fna 0.24329692354189184 0.07069794266204939 0.03103800749183733 0.3296891362446473 0.32231810690213936 0.18621427495990045 0.2657331306089388 0.30847431646760226 0.26933241460838436 0.19629423893909537 0.03261197477456231 0.03178630603662984 0.1868523934685326 0.2671563404167857 0.27061838096995366 0.28559946364166205 0.333467440734473 0.028335632662306806 0.265668518248779 0.033171846953310026 0.03242585189117247 0.03255387957577663 0.26447013797132596 0.03072957609047773 0.032374687402771996 0.2637646565364653 0.17858440293387098 0.03470709896060175 0.0 0.2464652620334744 0.2656914747242594 0.1849644220281183 0.2666099749375981 0.02898255315070738 
G900093775.fna 0.15934825030521074 0.2311038130478415 0.24952186314494385 0.3028885732695362 0.32271852250511496 0.23547382291049027 0.26826722803506664 0.28668501614966097 0.26589584023272683 0.2521220147429868 0.24239732749996845 0.24806445760005666 0.23613064190048438 0.25943632748269313 0.2645004330743188 0.26384828120141085 0.30600387455576494 0.24948210001456306 0.2638776463298832 0.23933054216994756 0.24060046639879112 0.23811606668559082 0.2553885757786276 0.24068408354942555 0.24079364690774163 0.2690626680622223 0.24324850228694217 0.2379525426810446 0.2464652620334744 0.0 0.26394433476056556 0.2398087926822109 0.27530010835201596 0.24063218334429143 
G900094985.fna 0.2620829307223087 0.2556369838545187 0.26756527400880975 0.3110255699017546 0.31882299880899434 0.2540423960825227 0.02938900051531443 0.29934049814799635 0.09568251076953996 0.2676846240238078 0.25861722311259017 0.26576296995655035 0.25288780949927736 0.028789152181931208 0.10099024151369113 0.2814739670334995 0.31427393501131656 0.26404211391968063 0.001969525397521131 0.25650962766751906 0.25960682179718453 0.2551326819942274 0.10236063213850723 0.2582412433410762 0.2593430634719849 0.10036325778874639 0.2610336787347607 0.2569196031938036 0.2656914747242594 0.26394433476056556 0.0 0.25633703470806624 0.03155835543878061 0.25898956617796715 
G900110305.fna 0.23846546971216095 0.18595632983009575 0.1854888479096582 0.3181060536092821 0.3185441348119007 0.028319955485997615 0.25687392937765846 0.3013847619718073 0.26192937642813974 0.0834383341386716 0.18460418277110097 0.18307854643886717 0.03261040801766771 0.2592179195319376 0.26221841726872663 0.27969941654948816 0.32108825693575316 0.18517561744559832 0.2563052247040151 0.18397740355190978 0.183290579293449 0.18362603931552274 0.25797598710099473 0.18444671093497306 0.1828037680441295 0.2568646051237582 0.08379394886373229 0.18457163452281078 0.1849644220281183 0.2398087926822109 0.25633703470806624 0.0 0.26088031361611047 0.18501807402586987 
G900119345.fna 0.2737671443700897 0.264523339314295 0.2679722869807407 0.3222425147104126 0.31798867869464115 0.2610670850549027 0.03207181320752894 0.31242691866631456 0.09796271363136227 0.26977763855521164 0.26601116195029983 0.2659532350445565 0.2566357733503414 0.03233456180404189 0.10154276246025376 0.2940125781240218 0.3251251729288584 0.26423229861941877 0.03155025430496433 0.2646575814571527 0.2656433667240921 0.26395921036841596 0.10133519526432555 0.2657664876997546 0.265020347904683 0.09851031775080593 0.2612058587503187 0.2643772759244559 0.2666099749375981 0.27530010835201596 0.03155835543878061 0.26088031361611047 0.0 0.2657523151904183 
G900156245.fna 0.23907140599712356 0.06945455048875297 0.03145511109734708 0.3169063742206466 0.32743184547373666 0.18251969069412907 0.2630829651081333 0.29589829067099205 0.2589930339125047 0.1932350461885579 0.03229364276153405 0.02979506794471884 0.18328181375535066 0.255993927257394 0.25824218755425665 0.2741985374895239 0.32044774701758166 0.02758467595433789 0.25899142024419614 0.032339990810062 0.03258058631494002 0.030404651656056214 0.2539716407631596 0.030218768710488307 0.03214815351493784 0.26276720230252176 0.1773724498861486 0.03467245664091081 0.02898255315070738 0.24063218334429143 0.25898956617796715 0.18501807402586987 0.2657523151904183 0.0 
