34
G000011645.fna 0.0 0.19710946873667992 0.21575731164822567 0.2516542597702567 0.27647635379384883 0.2031531664601559 0.22739405951566394 0.2400705841974557 0.22409861390053543 0.21067654057411556 0.2068185624899399 0.21417362106454235 0.1931604695057294 0.21783534026670845 0.22280444391680682 0.2224785822737439 0.2547399785301022 0.21505793595356038 0.2225091931605722 0.20408707008213117 0.20622088191663224 0.20156417778602215 0.21502406538021848 0.20480203957964793 0.2044926349190192 0.2300317166564101 0.20822098993010962 0.20282753028498612 0.21086295494480609 0.14152537952749555 0.22253303383826967 0.20708323371396622 0.2354366300821597 0.20618347271239704 
G000196735.fna 0.19710946873667992 0.0 0.06457680672981911 0.2506833363563409 0.2663427837033733 0.16205440516106928 0.2211800521743535 0.24001760877709183 0.21868599311628692 0.17036854025733023 0.0653476728917883 0.06383961817442459 0.16016038299885174 0.21272736942669157 0.2174018665988203 0.22076021948137914 0.2553071544842606 0.0665357970665863 0.21744625702890755 0.06553475880809953 0.06506065779959677 0.06503066927064095 0.2074266219796155 0.06549871475233146 0.06490628631708045 0.2233773668717825 0.16288203745730176 0.06367041864402963 0.06536990689497266 0.19828828477384736 0.217455380459728 0.1628102313024571 0.2273013381748229 0.06435059678234152 
G000275785.fna 0.21575731164822567 0.06457680672981911 0.0 0.2897481774705546 0.28382931896154734 0.16172772370405394 0.23091905874725127 0.27446681324622485 0.23355063215148636 0.17086535980393325 0.027957691391293497 0.02126291283120307 0.16298204398203447 0.2320351782116254 0.23633975111575692 0.24830075964899934 0.29423617100283334 0.028852388709069147 0.2301893574043281 0.028048861174363934 0.028374890275832086 0.023920064520707822 0.2288286559096334 0.022656628705364834 0.02346026461921208 0.22828307153880606 0.15504596472714907 0.03132789456131392 0.02787169940096948 0.21781627091848954 0.23019814882305795 0.1625526036790958 0.230780461173119 0.028417725115646452 
G000285535.fna 0.2516542597702567 0.2506833363563409 0.2897481774705546 0.0 0.2739487651703361 0.25731010952081523 0.2668124794828954 0.2474230218471382 0.26398961898610834 0.2677654672425754 0.26283351721040726 0.28931371654050075 0.25238873070776036 0.2560548998219826 0.2614162362454207 0.2536220372196901 0.15925174510925058 0.28243141249687065 0.2625267051778364 0.25632484562312985 0.25887707394479625 0.25719982974956174 0.25009391196294867 0.26136445602966785 0.2652733226658907 0.2701722933230043 0.28088417203488364 0.25607197392447656 0.2798977008698481 0.2535839626722432 0.26250626559202733 0.2718255106822153 0.27643030777728234 0.26566575154678607 
G000518865.fna 0.27647635379384883 0.2663427837033733 0.28382931896154734 0.2739487651703361 0.0 0.2779800001453102 0.27490699516970596 0.2632516641560307 0.2820974209860132 0.28028272709835755 0.28469863399504414 0.27950666398707863 0.27511487645103117 0.27679498773955735 0.2890554938062893 0.27655049321996755 0.2765673539376422 0.27688763061923743 0.27493370902412273 0.27875237957696114 0.28094429224481643 0.27604071168622274 0.27516781972247917 0.28022797475488326 0.2760367507623573 0.2726099093436197 0.27687673129430074 0.2687999502635106 0.27625288564663597 0.27887432686795754 0.27496049712593407 0.27651133045919174 0.2739256988240861 0.2814895831364446 
G000696615.fna 0.2031531664601559 0.16205440516106928 0.16172772370405394 0.25731010952081523 0.2779800001453102 0.0 0.2214400529970696 0.24745234358270807 0.21888551576430354 0.07648208146807335 0.15869196177623546 0.1599027672457898 0.02823811710338254 0.2151739780076879 0.21946258408424762 0.22962179223310536 0.2619234914442604 0.15947548587377217 0.2177031363719487 0.1579554892132394 0.15790062703707322 0.1580472181223021 0.21299834315356136 0.15930916770059117 0.15867670631905847 0.2216159655493925 0.07570744037685548 0.157011660267883 0.16314351066018623 0.20312889524978966 0.2177120451986371 0.025050593356749713 0.22583808251406576 0.1597821811288988 
G000701305.fna 0.22739405951566394 0.2211800521743535 0.23091905874725127 0.2668124794828954 0.27490699516970596 0.2214400529970696 0.0 0.25846034743044805 0.08889577349288239 0.2277282098535423 0.2268548460156873 0.22998511344279282 0.21945119678117048 0.024963240498417614 0.09221357483084627 0.2421935525785265 0.2727587702634411 0.22849358105951506 0.026177195117987048 0.22329425485313603 0.22386016298637304 0.2226199355256968 0.09219478967751392 0.22593504711669776 0.22302943966747207 0.0916856934020974 0.2256964751592468 0.22107049981994464 0.2288475567012187 0.2288105648569293 0.026176295273459077 0.22096861668475842 0.028683255721506554 0.22536969243328908 
G000709935.fna 0.2400705841974557 0.24001760877709183 0.27446681324622485 0.2474230218471382 0.2632516641560307 0.24745234358270807 0.25846034743044805 0.0 0.250098552169259 0.2568300342521427 0.2502300640286479 0.27131770316301074 0.24312400703074846 0.2428122912017695 0.24834336590913425 0.24464710997334366 0.25246882507897295 0.2680477347399235 0.25183151201048676 0.24333963872341122 0.24619869347793577 0.2444463386153739 0.23947394608813188 0.24797912997448382 0.25048887019521104 0.25937449571841553 0.2684945162949588 0.24556739247157083 0.2661770486032384 0.24216446662907565 0.25179931557696866 0.2589569556710023 0.2663389062555922 0.25281360916960155 
G000715205.fna 0.22409861390053543 0.21868599311628692 0.23355063215148636 0.26398961898610834 0.2820974209860132 0.21888551576430354 0.08889577349288239 0.250098552169259 0.0 0.23029690627537713 0.217415522695851 0.2330484566081607 0.21702353008587522 0.08901188853965587 0.0859100684444618 0.23557903304030597 0.2649480754500986 0.23059431836939082 0.08729934265748787 0.21841641309053986 0.21972965807727918 0.2186010533631711 0.08893026781554382 0.22114513351465914 0.2213025205122785 0.08600109193277011 0.2308218363082201 0.22111564274161205 0.23312708128515341 0.2261580114236848 0.08730292254222449 0.2259975218964101 0.0891877059889267 0.22208027849381073 
G000740655.fna 0.21067654057411556 0.17036854025733023 0.17086535980393325 0.2677654672425754 0.28028272709835755 0.07648208146807335 0.2277282098535423 0.2568300342521427 0.23029690627537713 0.0 0.17192859358458934 0.16964177085345422 0.07772802797535865 0.22792731455166376 0.2317324852091746 0.2381846339077657 0.27281066639582024 0.17019275841976833 0.22923097255578342 0.1710262041229959 0.17032788032234653 0.16877945040167272 0.2249093102660817 0.16938926963786555 0.1692240792232688 0.22929688212217259 0.07025200726996896 0.16934105156757345 0.17304407699345534 0.21856272266457902 0.22923942978196446 0.07736836045451216 0.23207619964190646 0.1701712425582702 
G000740715.fna 0.2068185624899399 0.0653476728917883 0.027957691391293497 0.26283351721040726 0.28469863399504414 0.15869196177623546 0.2268548460156873 0.2502300640286479 0.217415522695851 0.17192859358458934 0.0 0.029015017951589 0.1581445623374861 0.21737814892785312 0.22230200031013103 0.231804921755284 0.2633995647209085 0.028037069721923814 0.22073623837963668 0.014893793070605675 0.01564036487084631 0.027654042193113612 0.21590047620169994 0.028046682035977773 0.028300906337788784 0.22769585848653473 0.15606670909265602 0.024267125156435636 0.0293947281945906 0.20897624107249185 0.2207462581460493 0.16155080382189402 0.22877005881418028 0.029120618364564886 
G000746035.fna 0.21417362106454235 0.06383961817442459 0.02126291283120307 0.28931371654050075 0.27950666398707863 0.1599027672457898 0.22998511344279282 0.27131770316301074 0.2330484566081607 0.16964177085345422 0.029015017951589 0.0 0.16176651641449286 0.23092961206822255 0.23672164065503093 0.24596113487089843 0.29421345795346143 0.028370704409484984 0.22883552705326038 0.029225116111498646 0.02941418331170635 0.02252937835602667 0.2288339356044362 0.022461552898761304 0.024033583641094237 0.2282797334707483 0.1544792189539681 0.030432298671542374 0.028515075055663662 0.21595467855684872 0.22884832051667228 0.1600078889716862 0.22851987628950637 0.027001172979738853 
G000747645.fna 0.1931604695057294 0.16016038299885174 0.16298204398203447 0.25238873070776036 0.27511487645103117 0.02823811710338254 0.21945119678117048 0.24312400703074846 0.21702353008587522 0.07772802797535865 0.1581445623374861 0.16176651641449286 0.0 0.2127727337662781 0.21596137878459068 0.22705628611469458 0.25948466038191675 0.16146304031162884 0.21620154040851533 0.1565995300379744 0.15655837964875718 0.159550762412445 0.21171530642552183 0.16027276443359456 0.15834402545474863 0.22099367630327915 0.07898745270022133 0.15340477284160758 0.16388375022799814 0.20323949584618778 0.21622751508698335 0.028856270243197944 0.22200217888663137 0.16017308746453165 
G000986655.fna 0.21783534026670845 0.21272736942669157 0.2320351782116254 0.2560548998219826 0.27679498773955735 0.2151739780076879 0.024963240498417614 0.2428122912017695 0.08901188853965587 0.22792731455166376 0.21737814892785312 0.23092961206822255 0.2127727337662781 0.0 0.09130789332134001 0.23017630267788997 0.2576123086769055 0.22991500027254624 0.025576700076683535 0.21482460916423865 0.21626869463108492 0.21541948851027182 0.09111219810364016 0.2170212065357653 0.22022721494685624 0.09093375463260486 0.22698680000665455 0.2159895934443638 0.23015655656136397 0.21929909483067644 0.025631898336884146 0.22325524920750928 0.02888713114468173 0.21802251634302813 
G001017485.fna 0.22280444391680682 0.2174018665988203 0.23633975111575692 0.2614162362454207 0.2890554938062893 0.21946258408424762 0.09221357483084627 0.24834336590913425 0.0859100684444618 0.2317324852091746 0.22230200031013103 0.23672164065503093 0.21596137878459068 0.09130789332134001 0.0 0.2359361827603076 0.2663961112953422 0.23518023117329245 0.09121367745912544 0.2177208018806821 0.22248582143859497 0.22027640005695717 0.08264860952125185 0.21975409141583252 0.2256436357668506 0.02816984234445212 0.2309530936301043 0.22144022786384993 0.2356159825720806 0.22460614928915706 0.09118351997025961 0.2271712496151257 0.09152998277519231 0.22141920033936785 
G001278705.fna 0.2224785822737439 0.22076021948137914 0.24830075964899934 0.2536220372196901 0.27655049321996755 0.22962179223310536 0.2421935525785265 0.24464710997334366 0.23557903304030597 0.2381846339077657 0.231804921755284 0.24596113487089843 0.22705628611469458 0.23017630267788997 0.2359361827603076 0.0 0.25514469247151705 0.2464364738647389 0.2365665110939371 0.2279979999865824 0.23072730172056244 0.22680359086220434 0.22439608979543818 0.22963209227872242 0.23152577208999503 0.24339902735617136 0.24516311639611776 0.22667855453424535 0.24500738799081362 0.22330552582391205 0.23661528117467606 0.238806262934221 0.25073969635811105 0.23224350314162112 
G001439915.fna 0.2547399785301022 0.2553071544842606 0.29423617100283334 0.15925174510925058 0.2765673539376422 0.2619234914442604 0.2727587702634411 0.25246882507897295 0.2649480754500986 0.27281066639582024 0.2633995647209085 0.29421345795346143 0.25948466038191675 0.2576123086769055 0.2663961112953422 0.25514469247151705 0.0 0.288762761010559 0.26596685763505823 0.2615313821257672 0.2636111640007981 0.2587214082908015 0.2527363627730775 0.2611691511098884 0.2688697733941745 0.27225390405003635 0.28666625456944017 0.26118670124945054 0.2853030835051806 0.25661586759336963 0.2658790217098598 0.27546848912393757 0.2795141333232827 0.27021182012870015 
G001440465.fna 0.21505793595356038 0.0665357970665863 0.028852388709069147 0.28243141249687065 0.27688763061923743 0.15947548587377217 0.22849358105951506 0.2680477347399235 0.23059431836939082 0.17019275841976833 0.028037069721923814 0.028370704409484984 0.16146304031162884 0.22991500027254624 0.23518023117329245 0.2464364738647389 0.288762761010559 0.0 0.2276981965011617 0.02764583430789576 0.02830100879042421 0.02735522073736596 0.22977391842621603 0.02788593570066795 0.028458163244023303 0.22745857027058056 0.1555295298058136 0.030904575920950014 0.025235143293638875 0.21714710751233302 0.2277270569982309 0.16223100530189383 0.22766474992157637 0.024642829303574948 
G001457015.fna 0.2225091931605722 0.21744625702890755 0.2301893574043281 0.2625267051778364 0.27493370902412273 0.2177031363719487 0.026177195117987048 0.25183151201048676 0.08729934265748787 0.22923097255578342 0.22073623837963668 0.22883552705326038 0.21620154040851533 0.025576700076683535 0.09121367745912544 0.2365665110939371 0.26596685763505823 0.2276981965011617 0.0 0.21845256177399114 0.221599085257351 0.21714014031346185 0.09232367007499281 0.2201859118656645 0.22189287019277426 0.09061071898123366 0.22524972511346839 0.21834525291746096 0.22853491348154104 0.22376793410727466 0.0016594849612941926 0.22030454560518473 0.028271466300350646 0.2211363940045344 
G001461825.fna 0.20408707008213117 0.06553475880809953 0.028048861174363934 0.25632484562312985 0.27875237957696114 0.1579554892132394 0.22329425485313603 0.24333963872341122 0.21841641309053986 0.1710262041229959 0.014893793070605675 0.029225116111498646 0.1565995300379744 0.21482460916423865 0.2177208018806821 0.2279979999865824 0.2615313821257672 0.02764583430789576 0.21845256177399114 0.0 0.011152788247244107 0.027961260500931062 0.21312816888476135 0.029080750072220777 0.0281313882804523 0.22455948090925704 0.1563042566424634 0.024689186695481834 0.02985990696976758 0.2056333703283702 0.21846801329448762 0.1609122227680248 0.22722716433625492 0.02915632182995876 
G001461845.fna 0.20622088191663224 0.06506065779959677 0.028374890275832086 0.25887707394479625 0.28094429224481643 0.15790062703707322 0.22386016298637304 0.24619869347793577 0.21972965807727918 0.17032788032234653 0.01564036487084631 0.02941418331170635 0.15655837964875718 0.21626869463108492 0.22248582143859497 0.23072730172056244 0.2636111640007981 0.02830100879042421 0.221599085257351 0.011152788247244107 0.0 0.028772474366222524 0.2153441871926811 0.029276358813332543 0.028093653688573476 0.22568160837734486 0.1566524147167089 0.024608150980653918 0.0292231527175581 0.2074065642687667 0.2216092722926262 0.16048029854539983 0.2285383189173639 0.029365745195129106 
G001517185.fna 0.20156417778602215 0.06503066927064095 0.023920064520707822 0.25719982974956174 0.27604071168622274 0.1580472181223021 0.2226199355256968 0.2444463386153739 0.2186010533631711 0.16877945040167272 0.027654042193113612 0.02252937835602667 0.159550762412445 0.21541948851027182 0.22027640005695717 0.22680359086220434 0.2587214082908015 0.02735522073736596 0.21714014031346185 0.027961260500931062 0.028772474366222524 0.0 0.21182860953744964 0.022806711259238627 0.022655613914873023 0.222528407472265 0.15464652228758385 0.030250921809110286 0.02925206165021754 0.2042385895431174 0.2171584179146016 0.16021281074863977 0.2264123251431925 0.02749521295297693 
G001578205.fna 0.21502406538021848 0.2074266219796155 0.2288286559096334 0.25009391196294867 0.27516781972247917 0.21299834315356136 0.09219478967751392 0.23947394608813188 0.08893026781554382 0.2249093102660817 0.21590047620169994 0.2288339356044362 0.21171530642552183 0.09111219810364016 0.08264860952125185 0.22439608979543818 0.2527363627730775 0.22977391842621603 0.09232367007499281 0.21312816888476135 0.2153441871926811 0.21182860953744964 0.0 0.2145103533097487 0.21709022254342394 0.08171728843637373 0.22583111013674825 0.21282549754737817 0.22777205601912986 0.21599756049039398 0.09234139930508775 0.22161444096778643 0.09134388736050893 0.21629710293008944 
G001587325.fna 0.20480203957964793 0.06549871475233146 0.022656628705364834 0.26136445602966785 0.28022797475488326 0.15930916770059117 0.22593504711669776 0.24797912997448382 0.22114513351465914 0.16938926963786555 0.028046682035977773 0.022461552898761304 0.16027276443359456 0.2170212065357653 0.21975409141583252 0.22963209227872242 0.2611691511098884 0.02788593570066795 0.2201859118656645 0.029080750072220777 0.029276358813332543 0.022806711259238627 0.2145103533097487 0.0 0.024743976458852058 0.22631318904465575 0.1560783156464584 0.03091704079788297 0.027616969141076406 0.20706692288788547 0.22018590036302052 0.16129217221966155 0.22885197628078946 0.02729415845119089 
G001617995.fna 0.2044926349190192 0.06490628631708045 0.02346026461921208 0.2652733226658907 0.2760367507623573 0.15867670631905847 0.22302943966747207 0.25048887019521104 0.2213025205122785 0.1692240792232688 0.028300906337788784 0.024033583641094237 0.15834402545474863 0.22022721494685624 0.2256436357668506 0.23152577208999503 0.2688697733941745 0.028458163244023303 0.22189287019277426 0.0281313882804523 0.028093653688573476 0.022655613914873023 0.21709022254342394 0.024743976458852058 0.0 0.22460580778591852 0.15541957998155587 0.0301614397203255 0.02911898301821987 0.20779323800723315 0.22190666261840375 0.1597753854012794 0.22790464370968125 0.029033912282880665 
G001653905.fna 0.2300317166564101 0.2233773668717825 0.22828307153880606 0.2701722933230043 0.2726099093436197 0.2216159655493925 0.0916856934020974 0.25937449571841553 0.08600109193277011 0.22929688212217259 0.22769585848653473 0.2282797334707483 0.22099367630327915 0.09093375463260486 0.02816984234445212 0.24339902735617136 0.27225390405003635 0.22745857027058056 0.09061071898123366 0.22455948090925704 0.22568160837734486 0.222528407472265 0.08171728843637373 0.22631318904465575 0.22460580778591852 0.0 0.224262200461267 0.2241505113289065 0.22750280404445697 0.23006325837493866 0.09059960947738518 0.22120128255110935 0.08876400123927675 0.2266162484497931 
G001663575.fna 0.20822098993010962 0.16288203745730176 0.15504596472714907 0.28088417203488364 0.27687673129430074 0.07570744037685548 0.2256964751592468 0.2684945162949588 0.2308218363082201 0.07025200726996896 0.15606670909265602 0.1544792189539681 0.07898745270022133 0.22698680000665455 0.2309530936301043 0.24516311639611776 0.28666625456944017 0.1555295298058136 0.22524972511346839 0.1563042566424634 0.1566524147167089 0.15464652228758385 0.22583111013674825 0.1560783156464584 0.15541957998155587 0.224262200461267 0.0 0.15535175312096416 0.15592673042634742 0.21202037490797648 0.225275566069697 0.07760602345643938 0.22549675124282675 0.15516313862741987 
G001687195.fna 0.20282753028498612 0.06367041864402963 0.03132789456131392 0.25607197392447656 0.2687999502635106 0.157011660267883 0.22107049981994464 0.24556739247157083 0.22111564274161205 0.16934105156757345 0.024267125156435636 0.030432298671542374 0.15340477284160758 0.2159895934443638 0.22144022786384993 0.22667855453424535 0.26118670124945054 0.030904575920950014 0.21834525291746096 0.024689186695481834 0.024608150980653918 0.030250921809110286 0.21282549754737817 0.03091704079788297 0.0301614397203255 0.2241505113289065 0.15535175312096416 0.0 0.031204562541714886 0.2045826368933067 0.21856462212305636 0.16110570149738024 0.22670447686629444 0.031212850700821346 
G001975995.fna 0.21086295494480609 0.06536990689497266 0.02787169940096948 0.2798977008698481 0.27625288564663597 0.16314351066018623 0.2288475567012187 0.2661770486032384 0.23312708128515341 0.17304407699345534 0.0293947281945906 0.028515075055663662 0.16388375022799814 0.23015655656136397 0.2356159825720806 0.24500738799081362 0.2853030835051806 0.025235143293638875 0.22853491348154104 0.02985990696976758 0.0292231527175581 0.02925206165021754 0.22777205601912986 0.027616969141076406 0.02911898301821987 0.22750280404445697 0.15592673042634742 0.031204562541714886 0.0 0.21432525346727527 0.22854314003999934 0.16204364513440284 0.2293209243120926 0.02590957460072736 
G900093775.fna 0.14152537952749555 0.19828828477384736 0.21781627091848954 0.2535839626722432 0.27887432686795754 0.20312889524978966 0.2288105648569293 0.24216446662907565 0.2261580114236848 0.21856272266457902 0.20897624107249185 0.21595467855684872 0.20323949584618778 0.21929909483067644 0.22460614928915706 0.22330552582391205 0.25661586759336963 0.21714710751233302 0.22376793410727466 0.2056333703283702 0.2074065642687667 0.2042385895431174 0.21599756049039398 0.20706692288788547 0.20779323800723315 0.23006325837493866 0.21202037490797648 0.2045826368933067 0.21432525346727527 0.0 0.22381567304232006 0.20814187981183713 0.2363060519337157 0.20786028117611222 
G900094985.fna 0.22253303383826967 0.217455380459728 0.23019814882305795 0.26250626559202733 0.27496049712593407 0.2177120451986371 0.026176295273459077 0.25179931557696866 0.08730292254222449 0.22923942978196446 0.2207462581460493 0.22884832051667228 0.21622751508698335 0.025631898336884146 0.09118351997025961 0.23661528117467606 0.2658790217098598 0.2277270569982309 0.0016594849612941926 0.21846801329448762 0.2216092722926262 0.2171584179146016 0.09234139930508775 0.22018590036302052 0.22190666261840375 0.09059960947738518 0.225275566069697 0.21856462212305636 0.22854314003999934 0.22381567304232006 0.0 0.22034265294527777 0.028274224192243784 0.22114323216213058 
G900110305.fna 0.20708323371396622 0.1628102313024571 0.1625526036790958 0.2718255106822153 0.27651133045919174 0.025050593356749713 0.22096861668475842 0.2589569556710023 0.2259975218964101 0.07736836045451216 0.16155080382189402 0.1600078889716862 0.028856270243197944 0.22325524920750928 0.2271712496151257 0.238806262934221 0.27546848912393757 0.16223100530189383 0.22030454560518473 0.1609122227680248 0.16048029854539983 0.16021281074863977 0.22161444096778643 0.16129217221966155 0.1597753854012794 0.22120128255110935 0.07760602345643938 0.16110570149738024 0.16204364513440284 0.20814187981183713 0.22034265294527777 0.0 0.2256659957726989 0.16211042564511047 
G900119345.fna 0.2354366300821597 0.2273013381748229 0.230780461173119 0.27643030777728234 0.2739256988240861 0.22583808251406576 0.028683255721506554 0.2663389062555922 0.0891877059889267 0.23207619964190646 0.22877005881418028 0.22851987628950637 0.22200217888663137 0.02888713114468173 0.09152998277519231 0.25073969635811105 0.2795141333232827 0.22766474992157637 0.028271466300350646 0.22722716433625492 0.2285383189173639 0.2264123251431925 0.09134388736050893 0.22885197628078946 0.22790464370968125 0.08876400123927675 0.22549675124282675 0.22670447686629444 0.2293209243120926 0.2363060519337157 0.028274224192243784 0.2256659957726989 0.0 0.228614198141522 
G900156245.fna 0.20618347271239704 0.06435059678234152 0.028417725115646452 0.26566575154678607 0.2814895831364446 0.1597821811288988 0.22536969243328908 0.25281360916960155 0.22208027849381073 0.1701712425582702 0.029120618364564886 0.027001172979738853 0.16017308746453165 0.21802251634302813 0.22141920033936785 0.23224350314162112 0.27021182012870015 0.024642829303574948 0.2211363940045344 0.02915632182995876 0.029365745195129106 0.02749521295297693 0.21629710293008944 0.02729415845119089 0.029033912282880665 0.2266162484497931 0.15516313862741987 0.031212850700821346 0.02590957460072736 0.20786028117611222 0.22114323216213058 0.16211042564511047 0.228614198141522 0.0 
