34
G000011645.fna 0.0 0.2297036110775654 0.2473670704535058 0.299774855399063 0.3215971029098743 0.2347890906442371 0.265225538906296 0.2834017465816545 0.2617540763729022 0.2430454094473771 0.23982054421359578 0.24578963281747424 0.2232999636846304 0.2559556688625103 0.2608094154820971 0.2620206528988157 0.3034429846388025 0.24710295017689105 0.26085574505397235 0.23751565553955198 0.23922123478205604 0.23479215883933213 0.2528861218041255 0.23770188131318246 0.23715015363627417 0.2672024725182316 0.23831701131626493 0.23584681857273637 0.24275366745155308 0.15876597562259265 0.2608886056536679 0.23786643684456749 0.27295831449176516 0.23857202746481893 
G000196735.fna 0.2297036110775654 0.0 0.06963884557451128 0.29890653683329466 0.31209285410556165 0.18500380262570015 0.25761311635817963 0.28321091503582996 0.2560257178413014 0.19333381775897063 0.07052882524806725 0.06872314690036259 0.18293453866968815 0.24985815102736797 0.2536101698942769 0.26094346527674 0.30474193937288685 0.07177470781167897 0.25481102639870906 0.07077633774751166 0.07020044909925618 0.07014551815396851 0.24384576574864775 0.0706870945736176 0.06997336539847603 0.25939645097984726 0.18474712928494277 0.06901745877104674 0.07047868749165381 0.2304720648055758 0.2547928021978044 0.18541808082881112 0.26375130579864786 0.06925595562856907 
G000275785.fna 0.2473670704535058 0.06963884557451128 0.0 0.3387444413487611 0.3290029201779872 0.18404654298607365 0.2673578570372809 0.31514997537292 0.2692479792379489 0.19339271984658066 0.03095505885375075 0.024137886664667686 0.18530557972786135 0.26851924770536895 0.27128439955277023 0.2881068797077891 0.3424253164956184 0.031927845385364875 0.2669868490410785 0.031062575821154147 0.031440730762549426 0.02684418242315556 0.26462285100694494 0.025605357813568 0.02626380214785237 0.2640181669355778 0.1768215437099167 0.034846564362235 0.03099821052057566 0.248753946036248 0.26698467113796726 0.1849108658991332 0.26719415690074677 0.031415777747959533 
G000285535.fna 0.299774855399063 0.29890653683329466 0.3387444413487611 0.0 0.30845276023617507 0.304529736249831 0.3124090653914461 0.29388337323461977 0.30963435986040544 0.31658083645853907 0.31274850631116746 0.33796256094913196 0.29939910630701 0.3022779566763937 0.3079139325247627 0.3004259055880675 0.17440104121059463 0.33117141593140437 0.3082944420987167 0.3053070940550999 0.3079753255833537 0.3063902570777045 0.29631064289424863 0.31066877627519607 0.3147961253908619 0.31690424767901854 0.3279265210962925 0.30436923508107255 0.3294014935318175 0.301631837817287 0.30816209557966445 0.31781176578577097 0.3212807536835738 0.3152909973311631 
G000518865.fna 0.3215971029098743 0.31209285410556165 0.3290029201779872 0.30845276023617507 0.0 0.32135864142389264 0.3175553706274256 0.3039446712612747 0.3236738827684634 0.3249796689082268 0.3294930800056163 0.3252826103077934 0.31862555756762234 0.31945722412563793 0.3295328960440316 0.3183774468159467 0.3109444925548684 0.32215170838633866 0.3176408844731932 0.3243249347151745 0.3259203334348929 0.3214268874077113 0.31842313145422585 0.32558257339529817 0.3218772381029773 0.31559138693218913 0.31986659819935837 0.31392131846332294 0.3221571569861359 0.3232636862999722 0.3175488879184938 0.31961496878166357 0.317026510078311 0.3274853446205097 
G000696615.fna 0.2347890906442371 0.18500380262570015 0.18404654298607365 0.304529736249831 0.32135864142389264 0.0 0.2566817127743557 0.29060733671695554 0.2543760473376928 0.08207973159919794 0.1810205782037827 0.18200648474066583 0.03177556120972292 0.2512041464117915 0.2548849618603738 0.2700065871718659 0.3092183395156572 0.18127480951152064 0.2529380858229457 0.18029943730313702 0.18006460620893086 0.1803067935595594 0.2486275320437395 0.18163696267438992 0.180793010292603 0.2561699257404984 0.08141655214450136 0.17935823005102072 0.185598870853207 0.2346498667685924 0.25294498429229395 0.028239125954908857 0.26027777875678987 0.18194132865042062 
G000701305.fna 0.265225538906296 0.25761311635817963 0.2673578570372809 0.3124090653914461 0.3175553706274256 0.2566817127743557 0.0 0.3040804802923647 0.09697583334123738 0.26514669068436003 0.2637127633732491 0.2665163295356616 0.2543200902447268 0.027973829711549728 0.10147436800835649 0.28457718346263056 0.31811285190964217 0.26450165142418997 0.02924209171641593 0.26041149456992807 0.26075607204308654 0.25973372515262255 0.10158885194676157 0.2629452174052647 0.25985173292457964 0.10105490292848993 0.2604739233075457 0.2580705310901338 0.26512291813669464 0.26710774114952457 0.029239393372617543 0.2559752543337317 0.03191015040376534 0.2624276337624042 
G000709935.fna 0.2834017465816545 0.28321091503582996 0.31514997537292 0.29388337323461977 0.3039446712612747 0.29060733671695554 0.3040804802923647 0.0 0.2955097271780838 0.3010053955109021 0.29364443777653404 0.3119125548997457 0.2863265892760597 0.28800849071975976 0.2930147327936637 0.29101540286188127 0.2989022835468426 0.30916771896108375 0.2972371413981501 0.286774701639257 0.2895502515637885 0.2881858811633799 0.28474737198276523 0.2912502406094506 0.29410064180335094 0.30433391587706554 0.30944100896754634 0.2886679344476397 0.30833980946268347 0.28582396394326404 0.29718991439486514 0.3008826061955052 0.3110710123390082 0.29535881159093114 
G000715205.fna 0.2617540763729022 0.2560257178413014 0.2692479792379489 0.30963435986040544 0.3236738827684634 0.2543760473376928 0.09697583334123738 0.2955097271780838 0.0 0.267244278201042 0.2538264494154248 0.2685816570233763 0.2521914952399997 0.09724367565191638 0.09324553255331386 0.27824465130840276 0.3107886171101723 0.26558142945566954 0.09505898385450996 0.2548599974084699 0.25622710637209145 0.25515729389220065 0.09685565847781877 0.2576784285455981 0.2576403331714864 0.09324655800802462 0.2650473717933684 0.25825921508009764 0.26882696464383854 0.2645155900234842 0.09507385814518407 0.26099390893138996 0.09731360510486735 0.258369610614274 
G000740655.fna 0.2430454094473771 0.19333381775897063 0.19339271984658066 0.31658083645853907 0.3249796689082268 0.08207973159919794 0.26514669068436003 0.3010053955109021 0.267244278201042 0.0 0.19447007669930205 0.19182230348164958 0.08362795453835822 0.26540549968784505 0.26823544194706506 0.2798323329185912 0.3212126730967808 0.19252107825786732 0.26632388482780966 0.19389027562609806 0.19309054624905908 0.19126859363612136 0.26252962895611953 0.1918573866301711 0.1914754872158697 0.26611693879531284 0.07539449043828048 0.19202289726134658 0.19558532663245515 0.25103367754867206 0.2663345823975513 0.083160839716644 0.26856864408654485 0.19258409035417312 
G000740715.fna 0.23982054421359578 0.07052882524806725 0.03095505885375075 0.31274850631116746 0.3294930800056163 0.1810205782037827 0.2637127633732491 0.29364443777653404 0.2538264494154248 0.19447007669930205 0.0 0.032177464443498005 0.18045056769480425 0.2548695052968519 0.25871744574507427 0.27301985809921414 0.3136451307335941 0.030983872714813204 0.2577479157378314 0.017171586168104866 0.01803464277421914 0.030585017358558862 0.25339639682521864 0.03105604239802985 0.03132298034771351 0.263672160266775 0.17799198180339745 0.027405447394930567 0.032566161280075 0.24167413268512078 0.2577431536795233 0.18403094510198145 0.2651724678084849 0.032250952389289975 
G000746035.fna 0.24578963281747424 0.06872314690036259 0.024137886664667686 0.33796256094913196 0.3252826103077934 0.18200648474066583 0.2665163295356616 0.3119125548997457 0.2685816570233763 0.19182230348164958 0.032177464443498005 0.0 0.18421411671767615 0.2672944979027021 0.27129094629639516 0.2859166515910835 0.3416687612747785 0.031360233532890004 0.2651881642862614 0.032412179439145435 0.03260883198729111 0.025326165200004698 0.2646438569484375 0.0253607268064982 0.02699283199941403 0.263874376952002 0.17623829991651307 0.033754304575606055 0.031743853278252424 0.24729413586600052 0.26521338037764935 0.18252804091497396 0.26509505901604974 0.02976172013828491 
G000747645.fna 0.2232999636846304 0.18293453866968815 0.18530557972786135 0.29939910630701 0.31862555756762234 0.03177556120972292 0.2543200902447268 0.2863265892760597 0.2521914952399997 0.08362795453835822 0.18045056769480425 0.18421411671767615 0.0 0.24833065210021082 0.2511486047814182 0.26770176050176064 0.30632016547925733 0.183769386236394 0.2517073389335842 0.17893393043454797 0.17872499870495587 0.18225535292817124 0.2475228496750843 0.18292219277066935 0.1807399802333841 0.2557147430657686 0.08522075139882312 0.17596734114551502 0.18622894738050982 0.23519705065117302 0.25170478799026963 0.03250734049799663 0.25589041671297563 0.18270755405962444 
G000986655.fna 0.2559556688625103 0.24985815102736797 0.26851924770536895 0.3022779566763937 0.31945722412563793 0.2512041464117915 0.027973829711549728 0.28800849071975976 0.09724367565191638 0.26540549968784505 0.2548695052968519 0.2672944979027021 0.24833065210021082 0.0 0.10065849057453952 0.2724566993936181 0.3045181894933363 0.26585040701681506 0.02858160602618886 0.2520970329841525 0.2534577328826783 0.25299342134391456 0.10031290831861545 0.25454245464054054 0.2574517675134721 0.10014318812599796 0.26179215756548635 0.2538318243078529 0.26648121178809125 0.25808355668710903 0.028645562105083653 0.25828687042981896 0.032164130876991215 0.25516481418493675 
G001017485.fna 0.2608094154820971 0.2536101698942769 0.27128439955277023 0.3079139325247627 0.3295328960440316 0.2548849618603738 0.10147436800835649 0.2930147327936637 0.09324553255331386 0.26823544194706506 0.25871744574507427 0.27129094629639516 0.2511486047814182 0.10065849057453952 0.0 0.2781503053780682 0.3133014482271034 0.26972102408069676 0.10042400943915662 0.2544200790041652 0.2587995826290306 0.2570632576502672 0.08964758098900258 0.2565084135511735 0.261718797789948 0.03134116692389219 0.26484572004804935 0.25806716037011224 0.2702243597482917 0.26326296817913414 0.10037042606506533 0.26130488413235964 0.1009039273048559 0.25759407314358346 
G001278705.fna 0.2620206528988157 0.26094346527674 0.2881068797077891 0.3004259055880675 0.3183774468159467 0.2700065871718659 0.28457718346263056 0.29101540286188127 0.27824465130840276 0.2798323329185912 0.27301985809921414 0.2859166515910835 0.26770176050176064 0.2724566993936181 0.2781503053780682 0.0 0.3021634830844148 0.2864269890405997 0.2790071240877852 0.26943758859663225 0.27204698096982805 0.26823231676149406 0.26602968855267184 0.27089185070763894 0.2726460995895122 0.28517140071484137 0.28377115596304714 0.26754499591372805 0.2851882817629577 0.2628177688967175 0.27911883524398523 0.2788338547046743 0.29273284401893657 0.27337753365799067 
G001439915.fna 0.3034429846388025 0.30474193937288685 0.3424253164956184 0.17440104121059463 0.3109444925548684 0.3092183395156572 0.31811285190964217 0.2989022835468426 0.3107886171101723 0.3212126730967808 0.3136451307335941 0.3416687612747785 0.30632016547925733 0.3045181894933363 0.3133014482271034 0.3021634830844148 0.0 0.33633115109470074 0.311461694547879 0.3111574701806567 0.31315509968692146 0.3083332312722168 0.299865531287314 0.31065316769373413 0.31875544762626007 0.31877205642253587 0.3324422463704151 0.31029847670263233 0.33354730123837956 0.30507210183697175 0.3113279128789541 0.3208409050129033 0.3240539576183109 0.31927009378826393 
G001440465.fna 0.24710295017689105 0.07177470781167897 0.031927845385364875 0.33117141593140437 0.32215170838633866 0.18127480951152064 0.26450165142418997 0.30916771896108375 0.26558142945566954 0.19252107825786732 0.030983872714813204 0.031360233532890004 0.183769386236394 0.26585040701681506 0.26972102408069676 0.2864269890405997 0.33633115109470074 0.0 0.2633389343356526 0.03053236937357246 0.031305955785830515 0.0301868239264654 0.2658898152503665 0.030899096513808323 0.03144288510933706 0.26303356486116325 0.1769909221864633 0.03425240777911749 0.028298449848046914 0.2486542863294795 0.26335060433335455 0.18458627786340556 0.2634591154516509 0.027554379052616658 
G001457015.fna 0.26085574505397235 0.25481102639870906 0.2669868490410785 0.3082944420987167 0.3176408844731932 0.2529380858229457 0.02924209171641593 0.2972371413981501 0.09505898385450996 0.26632388482780966 0.2577479157378314 0.2651881642862614 0.2517073389335842 0.02858160602618886 0.10042400943915662 0.2790071240877852 0.311461694547879 0.2633389343356526 0.0 0.25565164042193106 0.25883548271862095 0.2543547570217157 0.10166052526419578 0.2573679044602435 0.25856095971122683 0.09976618405572621 0.2602819598038896 0.2557489286016729 0.2649905547688851 0.2625873475491268 0.0019533702931178692 0.25538148728964993 0.03139232612616301 0.2582113595298747 
G001461825.fna 0.23751565553955198 0.07077633774751166 0.031062575821154147 0.3053070940550999 0.3243249347151745 0.18029943730313702 0.26041149456992807 0.286774701639257 0.2548599974084699 0.19389027562609806 0.017171586168104866 0.032412179439145435 0.17893393043454797 0.2520970329841525 0.2544200790041652 0.26943758859663225 0.3111574701806567 0.03053236937357246 0.25565164042193106 0.0 0.012973102252269712 0.030962954135395584 0.2505596132192373 0.03230494288987211 0.03108838548887552 0.26080629456913135 0.17846075616960236 0.0279057891089121 0.03312311542402331 0.2385718472034759 0.25565044231092426 0.18337634775048237 0.2638490076655501 0.03229655215232807 
G001461845.fna 0.23922123478205604 0.07020044909925618 0.031440730762549426 0.3079753255833537 0.3259203334348929 0.18006460620893086 0.26075607204308654 0.2895502515637885 0.25622710637209145 0.19309054624905908 0.01803464277421914 0.03260883198729111 0.17872499870495587 0.2534577328826783 0.2587995826290306 0.27204698096982805 0.31315509968692146 0.031305955785830515 0.25883548271862095 0.012973102252269712 0.0 0.031916380847779126 0.2526778763605031 0.03249831372019756 0.031071001541671008 0.26157120382502863 0.17881444432113414 0.02780881416793779 0.03237860984308072 0.23986550358038944 0.258827794664125 0.18268310634164636 0.2648973406853441 0.03253709986762138 
G001517185.fna 0.23479215883933213 0.07014551815396851 0.02684418242315556 0.3063902570777045 0.3214268874077113 0.1803067935595594 0.25973372515262255 0.2881858811633799 0.25515729389220065 0.19126859363612136 0.030585017358558862 0.025326165200004698 0.18225535292817124 0.25299342134391456 0.2570632576502672 0.26823231676149406 0.3083332312722168 0.0301868239264654 0.2543547570217157 0.030962954135395584 0.031916380847779126 0.0 0.2491165780743232 0.02563010964672583 0.02545133438033457 0.2589297864933578 0.17633162433312455 0.03358068187640449 0.03251178449027249 0.23747959936356677 0.2543568240225521 0.18306172644868668 0.2630991150562283 0.03036948237514378 
G001578205.fna 0.2528861218041255 0.24384576574864775 0.26462285100694494 0.29631064289424863 0.31842313145422585 0.2486275320437395 0.10158885194676157 0.28474737198276523 0.09685565847781877 0.26252962895611953 0.25339639682521864 0.2646438569484375 0.2475228496750843 0.10031290831861545 0.08964758098900258 0.26602968855267184 0.299865531287314 0.2658898152503665 0.10166052526419578 0.2505596132192373 0.2526778763605031 0.2491165780743232 0.0 0.25224832411447823 0.25407187436889045 0.0885693221774291 0.26062166294928124 0.2501793674660883 0.2637809723285202 0.25409441002138355 0.10169453179496143 0.2569662115200745 0.10065722938217822 0.2530271412914228 
G001587325.fna 0.23770188131318246 0.0706870945736176 0.025605357813568 0.31066877627519607 0.32558257339529817 0.18163696267438992 0.2629452174052647 0.2912502406094506 0.2576784285455981 0.1918573866301711 0.03105604239802985 0.0253607268064982 0.18292219277066935 0.25454245464054054 0.2565084135511735 0.27089185070763894 0.31065316769373413 0.030899096513808323 0.2573679044602435 0.03230494288987211 0.03249831372019756 0.02563010964672583 0.25224832411447823 0.0 0.027749241533903013 0.2626611653541431 0.17802513222080693 0.03436089790233422 0.030689973956395913 0.23997490256715753 0.25735382033955084 0.18382329652397023 0.26491077151462944 0.03018089987500471 
G001617995.fna 0.23715015363627417 0.06997336539847603 0.02626380214785237 0.3147961253908619 0.3218772381029773 0.180793010292603 0.25985173292457964 0.29410064180335094 0.2576403331714864 0.1914754872158697 0.03132298034771351 0.02699283199941403 0.1807399802333841 0.2574517675134721 0.261718797789948 0.2726460995895122 0.31875544762626007 0.03144288510933706 0.25856095971122683 0.03108838548887552 0.031071001541671008 0.02545133438033457 0.25407187436889045 0.027749241533903013 0.0 0.26061059376830553 0.1772313753222424 0.03344560779448672 0.03233027022796504 0.2400951809669703 0.25859321703582305 0.18223160170783523 0.26422563838393587 0.03210694585277799 
G001653905.fna 0.2672024725182316 0.25939645097984726 0.2640181669355778 0.31690424767901854 0.31559138693218913 0.2561699257404984 0.10105490292848993 0.30433391587706554 0.09324655800802462 0.26611693879531284 0.263672160266775 0.263874376952002 0.2557147430657686 0.10014318812599796 0.03134116692389219 0.28517140071484137 0.31877205642253587 0.26303356486116325 0.09976618405572621 0.26080629456913135 0.26157120382502863 0.2589297864933578 0.0885693221774291 0.2626611653541431 0.26061059376830553 0.0 0.2589192384379689 0.2603444287179363 0.2632392672735922 0.2680471030100807 0.09974498455691372 0.25576931152228166 0.09790417558301942 0.26224032215304627 
G001663575.fna 0.23831701131626493 0.18474712928494277 0.1768215437099167 0.3279265210962925 0.31986659819935837 0.08141655214450136 0.2604739233075457 0.30944100896754634 0.2650473717933684 0.07539449043828048 0.17799198180339745 0.17623829991651307 0.08522075139882312 0.26179215756548635 0.26484572004804935 0.28377115596304714 0.3324422463704151 0.1769909221864633 0.2602819598038896 0.17846075616960236 0.17881444432113414 0.17633162433312455 0.26062166294928124 0.17802513222080693 0.1772313753222424 0.2589192384379689 0.0 0.17739286851610597 0.17803546287677063 0.2424942556950309 0.2602972790314864 0.0835144197276481 0.26035745221185624 0.17686136671433814 
G001687195.fna 0.23584681857273637 0.06901745877104674 0.034846564362235 0.30436923508107255 0.31392131846332294 0.17935823005102072 0.2580705310901338 0.2886679344476397 0.25825921508009764 0.19202289726134658 0.027405447394930567 0.033754304575606055 0.17596734114551502 0.2538318243078529 0.25806716037011224 0.26754499591372805 0.31029847670263233 0.03425240777911749 0.2557489286016729 0.0279057891089121 0.02780881416793779 0.03358068187640449 0.2501793674660883 0.03436089790233422 0.03344560779448672 0.2603444287179363 0.17739286851610597 0.0 0.03464685797018076 0.23722239334392062 0.2560401815583826 0.18389325023405229 0.2634098725926444 0.03461869205752538 
G001975995.fna 0.24275366745155308 0.07047868749165381 0.03099821052057566 0.3294014935318175 0.3221571569861359 0.185598870853207 0.26512291813669464 0.30833980946268347 0.26882696464383854 0.19558532663245515 0.032566161280075 0.031743853278252424 0.18622894738050982 0.26648121178809125 0.2702243597482917 0.2851882817629577 0.33354730123837956 0.028298449848046914 0.2649905547688851 0.03312311542402331 0.03237860984308072 0.03251178449027249 0.2637809723285202 0.030689973956395913 0.03233027022796504 0.2632392672735922 0.17803546287677063 0.03464685797018076 0.0 0.24572737887378115 0.2650088313741809 0.18436690132472075 0.2658088015374441 0.02894420274516724 
G900093775.fna 0.15876597562259265 0.2304720648055758 0.248753946036248 0.301631837817287 0.3232636862999722 0.2346498667685924 0.26710774114952457 0.28582396394326404 0.2645155900234842 0.25103367754867206 0.24167413268512078 0.24729413586600052 0.23519705065117302 0.25808355668710903 0.26326296817913414 0.2628177688967175 0.30507210183697175 0.2486542863294795 0.2625873475491268 0.2385718472034759 0.23986550358038944 0.23747959936356677 0.25409441002138355 0.23997490256715753 0.2400951809669703 0.2680471030100807 0.2424942556950309 0.23722239334392062 0.24572737887378115 0.0 0.2626468620844052 0.23897528062653173 0.2743492177160517 0.23989273965015606 
G900094985.fna 0.2608886056536679 0.2547928021978044 0.26698467113796726 0.30816209557966445 0.3175488879184938 0.25294498429229395 0.029239393372617543 0.29718991439486514 0.09507385814518407 0.2663345823975513 0.2577431536795233 0.26521338037764935 0.25170478799026963 0.028645562105083653 0.10037042606506533 0.27911883524398523 0.3113279128789541 0.26335060433335455 0.0019533702931178692 0.25565044231092426 0.258827794664125 0.2543568240225521 0.10169453179496143 0.25735382033955084 0.25859321703582305 0.09974498455691372 0.2602972790314864 0.2560401815583826 0.2650088313741809 0.2626468620844052 0.0 0.2554161602172585 0.03139879681015423 0.2582100015513267 
G900110305.fna 0.23786643684456749 0.18541808082881112 0.1849108658991332 0.31781176578577097 0.31961496878166357 0.028239125954908857 0.2559752543337317 0.3008826061955052 0.26099390893138996 0.083160839716644 0.18403094510198145 0.18252804091497396 0.03250734049799663 0.25828687042981896 0.26130488413235964 0.2788338547046743 0.3208409050129033 0.18458627786340556 0.25538148728964993 0.18337634775048237 0.18268310634164636 0.18306172644868668 0.2569662115200745 0.18382329652397023 0.18223160170783523 0.25576931152228166 0.0835144197276481 0.18389325023405229 0.18436690132472075 0.23897528062653173 0.2554161602172585 0.0 0.26008793804010233 0.1844545295146771 
G900119345.fna 0.27295831449176516 0.26375130579864786 0.26719415690074677 0.3212807536835738 0.317026510078311 0.26027777875678987 0.03191015040376534 0.3110710123390082 0.09731360510486735 0.26856864408654485 0.2651724678084849 0.26509505901604974 0.25589041671297563 0.032164130876991215 0.1009039273048559 0.29273284401893657 0.3240539576183109 0.2634591154516509 0.03139232612616301 0.2638490076655501 0.2648973406853441 0.2630991150562283 0.10065722938217822 0.26491077151462944 0.26422563838393587 0.09790417558301942 0.26035745221185624 0.2634098725926444 0.2658088015374441 0.2743492177160517 0.03139879681015423 0.26008793804010233 0.0 0.26506671859218867 
G900156245.fna 0.23857202746481893 0.06925595562856907 0.031415777747959533 0.3152909973311631 0.3274853446205097 0.18194132865042062 0.2624276337624042 0.29535881159093114 0.258369610614274 0.19258409035417312 0.032250952389289975 0.02976172013828491 0.18270755405962444 0.25516481418493675 0.25759407314358346 0.27337753365799067 0.31927009378826393 0.027554379052616658 0.2582113595298747 0.03229655215232807 0.03253709986762138 0.03036948237514378 0.2530271412914228 0.03018089987500471 0.03210694585277799 0.26224032215304627 0.17686136671433814 0.03461869205752538 0.02894420274516724 0.23989273965015606 0.2582100015513267 0.1844545295146771 0.26506671859218867 0.0 
