43
G000008685.fna 0.0 0.22656739354937042 0.2228638431501532 0.2267264040465793 0.2243469913144142 0.10019241906223969 0.06844611786724322 0.09100532365326397 0.09159818237612447 0.2254338323358046 0.23674946250720796 0.23069692608370146 0.09857364026377671 0.09694425114375735 0.09911703866546562 0.09765046497355695 0.09542960909477766 0.09870056954570493 0.09562537100618682 0.09594582976874744 0.0965491915205201 0.09540875327033621 0.09611294779638346 0.09869442278685818 0.09959432144700874 0.0964718779730199 0.09619571621178652 0.02744372426352054 0.22884850291738168 0.22777415385901653 0.22763270866450536 0.2249642093485274 0.2349824819516686 0.22685259825359416 0.22552238244529976 0.09556246817083255 0.09227164600547808 0.0937380149101525 0.22517701426915138 0.2313612942348183 0.22947328944984857 0.09588225957969959 0.22637031466111393 
G000012065.fna 0.22656739354937042 0.0 0.09872678954361605 0.15425167952725255 0.15078387159351322 0.22329832120941218 0.22492782191751545 0.218828197694999 0.21696925415847423 0.1347053433405013 0.16019020949397386 0.15826086659362051 0.22470231639788646 0.22317145491947935 0.2275997149888881 0.22660139333445475 0.22656605899708804 0.22783125773338608 0.22237627049915965 0.22338431100659373 0.2258205628939029 0.22519738171131407 0.22584309895587637 0.2253124022587997 0.2225945060696254 0.2233969985009896 0.22286757440578003 0.23062344310477026 0.15489831286109104 0.05250390214769335 0.15629500158347687 0.10092470812689457 0.13230105139860968 0.035706826760745096 0.0516770985252155 0.22230896664124394 0.22014663272961715 0.22020538058094863 0.005336581209159398 0.02243997565042927 0.020213709982328947 0.2234576893196193 0.12608813810049102 
G000012085.fna 0.2228638431501532 0.09872678954361605 0.0 0.15281163665731792 0.14873140739256124 0.22162724427737657 0.22300825751948794 0.21619621073597578 0.21433158793595863 0.13245276119011834 0.1603699063773782 0.15720981198542083 0.2215796341525882 0.22158661627311416 0.22367076658776136 0.2232424583064086 0.2237715361228876 0.22514890416029454 0.2193920058925209 0.22009107866573857 0.2237582814454683 0.2231491563415034 0.22377272736195986 0.2211513847887459 0.21876669595125336 0.22032302497827183 0.22000694180379077 0.2303619263962774 0.15386953132094078 0.1055445605083088 0.15632076217689606 0.03615548329199546 0.12529521300540197 0.10481610208590714 0.1033651820884548 0.21845200390769012 0.21722955487918044 0.21401863891561723 0.09614115126678732 0.10884735027625336 0.10502176231787581 0.22073956992640287 0.12475954375932885 
G000019685.fna 0.2267264040465793 0.15425167952725255 0.15281163665731792 0.0 0.024964554249623065 0.22266322207696454 0.2254348522417462 0.22574755061075744 0.2249392120253777 0.17246886081892737 0.13398547460163376 0.05838201461366102 0.22797569294596975 0.2262528098350944 0.23144304623846731 0.226270548410451 0.22765778942703385 0.22881619323202648 0.22445379756141615 0.2266157793626462 0.2272446805671261 0.22646034445492558 0.22651962473727244 0.2250944506227307 0.22968155405405208 0.22938908154359022 0.22985522116867163 0.23248864119496987 0.028823369480172785 0.15759101667248757 0.03411734994049874 0.15424199219803125 0.17053218146556676 0.15860203009877755 0.15569856529284556 0.22985305291082686 0.2256107597367698 0.22525277745168754 0.1533306922664432 0.1614652002101144 0.15809590490602227 0.22562696377925162 0.16629162988440893 
G000019705.fna 0.2243469913144142 0.15078387159351322 0.14873140739256124 0.024964554249623065 0.0 0.21915591609533652 0.22350952505085797 0.2194929985833955 0.2196359352413369 0.16832742968082567 0.1303195549733228 0.060080093619792184 0.22376889098139796 0.22273615904329852 0.227257198542452 0.22143617942021807 0.22408011884507928 0.22593186826114275 0.22134208370665354 0.22321536845687875 0.22367284160902715 0.2242149630383822 0.22277177268622197 0.2200304636050341 0.22519808479673065 0.22326292453058383 0.22542937617688527 0.22978221991696088 0.030359476635659924 0.15460964589867912 0.034391387523773256 0.15007405959438186 0.16810300633926994 0.1567185935257602 0.15347073899915198 0.22502111044141854 0.22071009703548733 0.2219652003199397 0.14906161420409003 0.15901458025834492 0.15562674539613047 0.2215459558829686 0.16246476612974167 
G000181895.fna 0.10019241906223969 0.22329832120941218 0.22162724427737657 0.22266322207696454 0.21915591609533652 0.0 0.10041568198371549 0.08918348361548545 0.07409495233183794 0.2255567558100674 0.2323038194336049 0.22318154589401915 0.09344430820444614 0.0908829066413811 0.09361992105619373 0.09252064030526558 0.09112102621884369 0.09361681628122936 0.08991661693735055 0.09066270595861527 0.09108467971408005 0.09057015618554726 0.08908160539618194 0.09395628729995065 0.09474111798904708 0.09112245888943647 0.09182853343452008 0.10425602285400978 0.2212773030423735 0.22703283898883136 0.22025503620656695 0.22377424308566113 0.23326308152905523 0.22552082053644246 0.223610716700677 0.08921370581101656 0.09025153497428591 0.09096833377209433 0.221610640177811 0.22769420680698668 0.22784422944316168 0.08938270027683701 0.22719717362799924 
G000222305.fna 0.06844611786724322 0.22492782191751545 0.22300825751948794 0.2254348522417462 0.22350952505085797 0.10041568198371549 0.0 0.09210489324136067 0.09108971462618515 0.2253325862777862 0.23592531759226354 0.22940073032296765 0.09915915402904235 0.09778268659269426 0.101085036063643 0.09932706460932877 0.09704940200701498 0.10015175918836074 0.09693503475459081 0.09692400626748285 0.09751384328866718 0.09692250698382657 0.09710510531309029 0.09995405114805012 0.10078072214373796 0.09723648481517495 0.09771495837633802 0.0759889106523476 0.22642682235496203 0.22796049103628468 0.22590037980944822 0.22478743073045981 0.2331146054581802 0.2274505961036803 0.22502253109762707 0.09584431948530098 0.09418612694252065 0.0947258378067233 0.2234628593676255 0.23035940476995617 0.22734301441040433 0.0967570704555221 0.227950321174601 
G000300045.fna 0.09100532365326397 0.218828197694999 0.21619621073597578 0.22574755061075744 0.2194929985833955 0.08918348361548545 0.09210489324136067 0.0 0.07290899340013784 0.22131675201809742 0.23480291222187893 0.2302754853687874 0.04319237936263222 0.041781436787004494 0.045795367861760944 0.04414617534098303 0.042259671334643124 0.044891660788960355 0.042781772164566884 0.04241919670056743 0.042293612426497644 0.04260561297701394 0.042090973983314725 0.043439784841892794 0.0450687934256095 0.04159123151217974 0.04192484539384168 0.09851687621293284 0.2285785924488373 0.2234340323185361 0.22905497885625603 0.21667847081588082 0.2318956740773536 0.2239008077141706 0.21925294486974412 0.017172913033512784 0.03823718708785391 0.07974646023007959 0.21655481269117538 0.22856923933089 0.22491139271467445 0.0419690417763178 0.22130254507327063 
G000304735.fna 0.09159818237612447 0.21696925415847423 0.21433158793595863 0.2249392120253777 0.2196359352413369 0.07409495233183794 0.09108971462618515 0.07290899340013784 0.0 0.21721672525317398 0.23111978662163543 0.22779952713190146 0.08413944173598435 0.08323683475222482 0.08679590907318332 0.08476734408304853 0.08354265276846995 0.0860578041505568 0.08338839672950517 0.08282993418237444 0.08364229936546977 0.08314395248876107 0.08309131553759118 0.08439662948712565 0.08620821653706524 0.08245869182804212 0.08256986621555394 0.09713812902543736 0.22609878932005212 0.22247288626036557 0.2265183295745506 0.21548959308239682 0.22996718783894451 0.22034693383523354 0.21939327273213427 0.07725890563787553 0.07934486845991827 0.07972128488075765 0.21462242315713692 0.22470066965093438 0.22263086566000745 0.08280879040730024 0.21946347175684197 
G000445425.fna 0.2254338323358046 0.1347053433405013 0.13245276119011834 0.17246886081892737 0.16832742968082567 0.2255567558100674 0.2253325862777862 0.22131675201809742 0.21721672525317398 0.0 0.17735446750818296 0.175212174459354 0.22740225290234495 0.2265925821861247 0.22821163294507796 0.22829879493846789 0.2294947077201406 0.2294736687605686 0.22571645013611666 0.2255203180848808 0.228445757448423 0.22828787161819486 0.2284645101121735 0.22730231175596433 0.22509881746155413 0.22442468066746768 0.2261763679438955 0.23258356406352343 0.1731383228265898 0.14047509736544114 0.1734359678190905 0.13501435665276423 0.15814999691998766 0.14021924524001061 0.1378110286936258 0.22453259723360414 0.22317802768294542 0.21732894884392473 0.1323321813483291 0.1441433141138329 0.14101306189438356 0.22608861503297167 0.14868542262093665 
G000500045.fna 0.23674946250720796 0.16019020949397386 0.1603699063773782 0.13398547460163376 0.1303195549733228 0.2323038194336049 0.23592531759226354 0.23480291222187893 0.23111978662163543 0.17735446750818296 0.0 0.12948520771201782 0.2329432611816842 0.23518201474538564 0.23247216201417803 0.2343451771066469 0.23484599615454416 0.2338545039647531 0.2355643076009405 0.2349684108248098 0.23315524205788715 0.23521852347827024 0.23186584972158403 0.23537522854863735 0.23470050842172768 0.23381592076766017 0.23534012119430117 0.2423515780687887 0.1338688275801718 0.1631824060173866 0.13438993898293317 0.1608970862810144 0.17470113741871315 0.16248555101131568 0.16166538595853558 0.2328450469987875 0.23195084461237303 0.23234228858645145 0.15974467297176154 0.1589107082331728 0.1622520162680195 0.2314192101941112 0.17377954774406038 
G000500065.fna 0.23069692608370146 0.15826086659362051 0.15720981198542083 0.05838201461366102 0.060080093619792184 0.22318154589401915 0.22940073032296765 0.2302754853687874 0.22779952713190146 0.175212174459354 0.12948520771201782 0.0 0.22711567304248986 0.2276092722436482 0.23033905516706926 0.22825836608373634 0.22740434150209785 0.22944990972950335 0.22686078182787234 0.2275311272550371 0.22778951579111467 0.2291069507057657 0.22663395525336227 0.22850476040975642 0.23046499337129503 0.22982123246275904 0.2290316072583024 0.23583180902935946 0.05836234219846021 0.1595693722533585 0.05697553248826222 0.15787351762378968 0.17155493975263897 0.1603625819952953 0.1581938145224914 0.22873066656702767 0.22854064400970064 0.229784410386278 0.1574409534203617 0.15928102819193857 0.16021744845390315 0.2247314939329855 0.16992528474615534 
G000500975.fna 0.09857364026377671 0.22470231639788646 0.2215796341525882 0.22797569294596975 0.22376889098139796 0.09344430820444614 0.09915915402904235 0.04319237936263222 0.08413944173598435 0.22740225290234495 0.2329432611816842 0.22711567304248986 0.0 0.030386015722814887 0.03337165533998718 0.02487987182404862 0.02232464321823725 0.03235162001085467 0.029256227261005012 0.023513021537847827 0.030502222197291266 0.031584160213990714 0.03362187853345838 0.03453922907732072 0.033382528446943484 0.031236037520205505 0.03213145931642926 0.10226439719681502 0.22822683171666636 0.22752536204529422 0.22812632069705732 0.22331018581638423 0.23561164518078997 0.2262593045900126 0.22466189822018695 0.04337190736524116 0.03361155074249329 0.08796479491182244 0.22263998282778502 0.22868126657052104 0.2288762720048494 0.032246501175959924 0.22595414790332247 
G000501015.fna 0.09694425114375735 0.22317145491947935 0.22158661627311416 0.2262528098350944 0.22273615904329852 0.0908829066413811 0.09778268659269426 0.041781436787004494 0.08323683475222482 0.2265925821861247 0.23518201474538564 0.2276092722436482 0.030386015722814887 0.0 0.030657828269680224 0.028869694380993863 0.02830358752177708 0.021610116171364154 0.020117054559076204 0.028784200525402488 0.019567335346916997 0.027835898752833883 0.030482601367774247 0.034196703736188855 0.031174412106697982 0.030312957287926465 0.031156503259180506 0.10136374560723939 0.22397048895882188 0.22774543657841478 0.22242542925848532 0.22556687944585424 0.23375055863083155 0.22495272631167362 0.22488900514993804 0.04233923892325096 0.031531248846152826 0.08708634708128421 0.22144728492210314 0.22958420286694858 0.22773558684898795 0.03116473022108654 0.22688842062350978 
G000501155.fna 0.09911703866546562 0.2275997149888881 0.22367076658776136 0.23144304623846731 0.227257198542452 0.09361992105619373 0.101085036063643 0.045795367861760944 0.08679590907318332 0.22821163294507796 0.23247216201417803 0.23033905516706926 0.03337165533998718 0.030657828269680224 0.0 0.03395082211740483 0.03296268456311401 0.03287700882622061 0.02941225127095029 0.03300971111764406 0.030300884738715193 0.020588692529478154 0.03484858877422242 0.0364552892020308 0.024722135632998736 0.03344974864660594 0.03416253674182838 0.10269244042911228 0.2328330823913654 0.22980951117492499 0.2320919150707444 0.22518212328139015 0.23667755837392124 0.22877768088172232 0.22652768350769334 0.045186738461164534 0.03473648886638847 0.09010822611125807 0.22566672566541235 0.23001707194204996 0.23169767339601172 0.034174109804463525 0.22826753538811514 
G000501215.fna 0.09765046497355695 0.22660139333445475 0.2232424583064086 0.226270548410451 0.22143617942021807 0.09252064030526558 0.09932706460932877 0.04414617534098303 0.08476734408304853 0.22829879493846789 0.2343451771066469 0.22825836608373634 0.02487987182404862 0.028869694380993863 0.03395082211740483 0.0 0.020743067165422943 0.03064349908396102 0.029298006814596576 0.020108447900687092 0.028694086016024 0.03039295226619393 0.03254014147080016 0.035418836422238226 0.03428399397384992 0.03157240606045604 0.03221305543758791 0.10232410260693073 0.22860769587340143 0.2285917264203673 0.2280466991218006 0.22236284017145558 0.2362141596892276 0.22747385908078258 0.22328112763351432 0.04313729751176069 0.03294729227202231 0.08812081604785994 0.22478042583395796 0.23066970766415895 0.22889652781398356 0.03154961477323687 0.22639507266031617 
G000501235.fna 0.09542960909477766 0.22656605899708804 0.2237715361228876 0.22765778942703385 0.22408011884507928 0.09112102621884369 0.09704940200701498 0.042259671334643124 0.08354265276846995 0.2294947077201406 0.23484599615454416 0.22740434150209785 0.02232464321823725 0.02830358752177708 0.03296268456311401 0.020743067165422943 0.0 0.029877220850585688 0.027904691934816896 0.019977846824704742 0.027776766309352788 0.028828463207521374 0.03047941230646748 0.034039512938683764 0.03361822279656802 0.0302832282557007 0.031017837449662813 0.10102887034195807 0.2285179156308859 0.22877323569278904 0.22717211908179125 0.22507849435761934 0.23520190853244155 0.22743152629685276 0.22560091646887467 0.042826587536699386 0.0322241842625097 0.0871518649797443 0.22507619144895985 0.22970244664956446 0.22995282573599696 0.029434946528004942 0.22846711283918236 
G000501275.fna 0.09870056954570493 0.22783125773338608 0.22514890416029454 0.22881619323202648 0.22593186826114275 0.09361681628122936 0.10015175918836074 0.044891660788960355 0.0860578041505568 0.2294736687605686 0.2338545039647531 0.22944990972950335 0.03235162001085467 0.021610116171364154 0.03287700882622061 0.03064349908396102 0.029877220850585688 0.0 0.022420892442073084 0.030468698587962535 0.021682083348700032 0.028973210702131845 0.032613560956271215 0.03623878634724994 0.032754321651028116 0.03282054251068695 0.033647255076684736 0.10304268016435428 0.22965214995449837 0.23021173393386862 0.22873015868893906 0.2274417143975203 0.23685852051660744 0.2292241701649973 0.2265826426512718 0.04488781617822389 0.03384062031842246 0.0895985827747936 0.2261072348582828 0.23030761263236685 0.2314206248075884 0.03275045706101556 0.22942356944726972 
G000501595.fna 0.09562537100618682 0.22237627049915965 0.2193920058925209 0.22445379756141615 0.22134208370665354 0.08991661693735055 0.09693503475459081 0.042781772164566884 0.08338839672950517 0.22571645013611666 0.2355643076009405 0.22686078182787234 0.029256227261005012 0.020117054559076204 0.02941225127095029 0.029298006814596576 0.027904691934816896 0.022420892442073084 0.0 0.028066266807120304 0.020452461673712848 0.026337723471688605 0.029325735877209363 0.032249171939763094 0.030190354337445147 0.02968650241913917 0.02952172225988918 0.10020763512126618 0.22462975523894468 0.22693757312816118 0.22320253727819472 0.22270071168518601 0.23346653516844934 0.223850407035954 0.22502954320826818 0.042297800662779945 0.03163134969793142 0.08697581069064031 0.22070297147626777 0.2292074898442048 0.228272499357071 0.029709234233629093 0.2253370303128479 
G000501615.fna 0.09594582976874744 0.22338431100659373 0.22009107866573857 0.2266157793626462 0.22321536845687875 0.09066270595861527 0.09692400626748285 0.04241919670056743 0.08282993418237444 0.2255203180848808 0.2349684108248098 0.2275311272550371 0.023513021537847827 0.028784200525402488 0.03300971111764406 0.020108447900687092 0.019977846824704742 0.030468698587962535 0.028066266807120304 0.0 0.028709559602293988 0.030038654574960633 0.03100673545838527 0.034103295966659765 0.033233984620072 0.0298767329164139 0.03100037087386969 0.10063669159636482 0.22380050522235473 0.22733160692910342 0.22382572663396144 0.2232715399654909 0.23257615451792257 0.22439151256943424 0.22462298231115224 0.043296664041602984 0.031648164891268114 0.08652123814127917 0.2217337206708488 0.23044728443699364 0.22693293145989657 0.030921730655318926 0.22598103337580394 
G000501675.fna 0.0965491915205201 0.2258205628939029 0.2237582814454683 0.2272446805671261 0.22367284160902715 0.09108467971408005 0.09751384328866718 0.042293612426497644 0.08364229936546977 0.228445757448423 0.23315524205788715 0.22778951579111467 0.030502222197291266 0.019567335346916997 0.030300884738715193 0.028694086016024 0.027776766309352788 0.021682083348700032 0.020452461673712848 0.028709559602293988 0.0 0.026332522479820077 0.0306414338298159 0.034071859914837195 0.030998681972750033 0.030434890985564973 0.031185577008861973 0.10056374520323677 0.22762315690917734 0.22851076137464738 0.22510975592398527 0.22520085727695502 0.2338576312620525 0.22777275242839284 0.22527666892589987 0.04184508155868987 0.03140174828888278 0.0872927482706929 0.2241440218290576 0.23055604871253238 0.22904010004451375 0.030745561723231833 0.2280841063357869 
G000501695.fna 0.09540875327033621 0.22519738171131407 0.2231491563415034 0.22646034445492558 0.2242149630383822 0.09057015618554726 0.09692250698382657 0.04260561297701394 0.08314395248876107 0.22828787161819486 0.23521852347827024 0.2291069507057657 0.031584160213990714 0.027835898752833883 0.020588692529478154 0.03039295226619393 0.028828463207521374 0.028973210702131845 0.026337723471688605 0.030038654574960633 0.026332522479820077 0.0 0.031176063706901427 0.03441379847353862 0.02260738398215971 0.030614214684230263 0.03150316024334002 0.10005970849265641 0.23082308581715827 0.22712824486417715 0.22993951926003067 0.22210854242106648 0.2360655598198541 0.22683655765870284 0.22375746086869427 0.04178805750748529 0.03106289124630656 0.08707366209323433 0.22336372054762604 0.22930203271941713 0.22752215379382912 0.03024678739178745 0.22689377909537445 
G000501735.fna 0.09611294779638346 0.22584309895587637 0.22377272736195986 0.22651962473727244 0.22277177268622197 0.08908160539618194 0.09710510531309029 0.042090973983314725 0.08309131553759118 0.2284645101121735 0.23186584972158403 0.22663395525336227 0.03362187853345838 0.030482601367774247 0.03484858877422242 0.03254014147080016 0.03047941230646748 0.032613560956271215 0.029325735877209363 0.03100673545838527 0.0306414338298159 0.031176063706901427 0.0 0.02054733806310131 0.03581378854450078 0.031867890577042056 0.031193382134334854 0.10083652038505839 0.22719404633579798 0.22794621850446908 0.226577371530309 0.2245196473708882 0.23478959960952278 0.22668732983197454 0.22497312772485953 0.04216387983820939 0.029299180889800797 0.08725644777212671 0.22421138867246643 0.22862790526087684 0.22950428195159794 0.01753785395667361 0.2268166941237966 
G000501755.fna 0.09869442278685818 0.2253124022587997 0.2211513847887459 0.2250944506227307 0.2200304636050341 0.09395628729995065 0.09995405114805012 0.043439784841892794 0.08439662948712565 0.22730231175596433 0.23537522854863735 0.22850476040975642 0.03453922907732072 0.034196703736188855 0.0364552892020308 0.035418836422238226 0.034039512938683764 0.03623878634724994 0.032249171939763094 0.034103295966659765 0.034071859914837195 0.03441379847353862 0.02054733806310131 0.0 0.03750398012003669 0.03470565197722446 0.03313924342700138 0.10295942214204848 0.22819508752315443 0.22622401353239197 0.22770271695086497 0.21897827388559704 0.2353249101262373 0.22611763757968084 0.22285819875332524 0.04373353072488305 0.032641283369281654 0.0891552063117386 0.2232890305191083 0.23012154738352136 0.2289468847489482 0.02129988010259957 0.22424792286220346 
G000501875.fna 0.09959432144700874 0.2225945060696254 0.21876669595125336 0.22968155405405208 0.22519808479673065 0.09474111798904708 0.10078072214373796 0.0450687934256095 0.08620821653706524 0.22509881746155413 0.23470050842172768 0.23046499337129503 0.033382528446943484 0.031174412106697982 0.024722135632998736 0.03428399397384992 0.03361822279656802 0.032754321651028116 0.030190354337445147 0.033233984620072 0.030998681972750033 0.02260738398215971 0.03581378854450078 0.03750398012003669 0.0 0.0337648493275286 0.03447223591944999 0.10282305752358212 0.22947326544512772 0.22866373881944208 0.22902329207330696 0.22303694104203134 0.23460459088009872 0.22526082191448205 0.22534636089834525 0.04567317992389107 0.034343283298362406 0.08953835875070429 0.22056503210491385 0.22801838019981108 0.22906323768223952 0.034957379538229354 0.22508004270993323 
G000501895.fna 0.0964718779730199 0.2233969985009896 0.22032302497827183 0.22938908154359022 0.22326292453058383 0.09112245888943647 0.09723648481517495 0.04159123151217974 0.08245869182804212 0.22442468066746768 0.23381592076766017 0.22982123246275904 0.031236037520205505 0.030312957287926465 0.03344974864660594 0.03157240606045604 0.0302832282557007 0.03282054251068695 0.02968650241913917 0.0298767329164139 0.030434890985564973 0.030614214684230263 0.031867890577042056 0.03470565197722446 0.0337648493275286 0.0 0.029528707958929104 0.10041617537786476 0.2301300787736626 0.2262589315609625 0.22949949476637033 0.22177674189236618 0.23319861532969982 0.22513477290453854 0.2230443556354401 0.04202091496749888 0.03163452209799932 0.0861255033853442 0.22168353813298525 0.2290247090197119 0.22850862874718858 0.030259019571471618 0.22194096558324816 
G000501915.fna 0.09619571621178652 0.22286757440578003 0.22000694180379077 0.22985522116867163 0.22542937617688527 0.09182853343452008 0.09771495837633802 0.04192484539384168 0.08256986621555394 0.2261763679438955 0.23534012119430117 0.2290316072583024 0.03213145931642926 0.031156503259180506 0.03416253674182838 0.03221305543758791 0.031017837449662813 0.033647255076684736 0.02952172225988918 0.03100037087386969 0.031185577008861973 0.03150316024334002 0.031193382134334854 0.03313924342700138 0.03447223591944999 0.029528707958929104 0.0 0.10059078062960303 0.2281601534508873 0.22689937309844607 0.22819259728154534 0.22345785839254723 0.2331447529928433 0.22429508792059805 0.22457306728791787 0.04262534126280219 0.03145626520557529 0.08664086882533195 0.2208806600684564 0.22875062616620112 0.22842199038825717 0.02973341286591144 0.2251828571612628 
G000502095.fna 0.02744372426352054 0.23062344310477026 0.2303619263962774 0.23248864119496987 0.22978221991696088 0.10425602285400978 0.0759889106523476 0.09851687621293284 0.09713812902543736 0.23258356406352343 0.2423515780687887 0.23583180902935946 0.10226439719681502 0.10136374560723939 0.10269244042911228 0.10232410260693073 0.10102887034195807 0.10304268016435428 0.10020763512126618 0.10063669159636482 0.10056374520323677 0.10005970849265641 0.10083652038505839 0.10295942214204848 0.10282305752358212 0.10041617537786476 0.10059078062960303 0.0 0.2338378323359283 0.2321850248339743 0.2337118923813315 0.23191301485722013 0.2416948151641896 0.23423337361827623 0.23114177719916307 0.09851391862792248 0.09911631675943541 0.10025766018328117 0.2287889078068433 0.23506031286388157 0.23326667742363827 0.09914971033874463 0.23434642047496757 
G000523535.fna 0.22884850291738168 0.15489831286109104 0.15386953132094078 0.028823369480172785 0.030359476635659924 0.2212773030423735 0.22642682235496203 0.2285785924488373 0.22609878932005212 0.1731383228265898 0.1338688275801718 0.05836234219846021 0.22822683171666636 0.22397048895882188 0.2328330823913654 0.22860769587340143 0.2285179156308859 0.22965214995449837 0.22462975523894468 0.22380050522235473 0.22762315690917734 0.23082308581715827 0.22719404633579798 0.22819508752315443 0.22947326544512772 0.2301300787736626 0.2281601534508873 0.2338378323359283 0.0 0.15878855770446387 0.03433557953533178 0.1560322082051602 0.16992956201609014 0.15830453036470607 0.15673648281757838 0.23070163071440183 0.2273255627777028 0.22607338507808716 0.15418322998939896 0.1616441876660499 0.15809721699905577 0.22618321234795502 0.16909565988562109 
G000568675.fna 0.22777415385901653 0.05250390214769335 0.1055445605083088 0.15759101667248757 0.15460964589867912 0.22703283898883136 0.22796049103628468 0.2234340323185361 0.22247288626036557 0.14047509736544114 0.1631824060173866 0.1595693722533585 0.22752536204529422 0.22774543657841478 0.22980951117492499 0.2285917264203673 0.22877323569278904 0.23021173393386862 0.22693757312816118 0.22733160692910342 0.22851076137464738 0.22712824486417715 0.22794621850446908 0.22622401353239197 0.22866373881944208 0.2262589315609625 0.22689937309844607 0.2321850248339743 0.15878855770446387 0.0 0.15948458270678295 0.1058867181214916 0.13411594323872214 0.05114134028342927 0.016214652881354687 0.22760081252894965 0.222481671379817 0.22443340141100143 0.05367107634239132 0.05113198191340693 0.04759499955223906 0.2262760582648592 0.13024417282450576 
G000568715.fna 0.22763270866450536 0.15629500158347687 0.15632076217689606 0.03411734994049874 0.034391387523773256 0.22025503620656695 0.22590037980944822 0.22905497885625603 0.2265183295745506 0.1734359678190905 0.13438993898293317 0.05697553248826222 0.22812632069705732 0.22242542925848532 0.2320919150707444 0.2280466991218006 0.22717211908179125 0.22873015868893906 0.22320253727819472 0.22382572663396144 0.22510975592398527 0.22993951926003067 0.226577371530309 0.22770271695086497 0.22902329207330696 0.22949949476637033 0.22819259728154534 0.2337118923813315 0.03433557953533178 0.15948458270678295 0.0 0.1571310259671155 0.17083459459987366 0.16030116555337376 0.15830060994963582 0.2314213773337196 0.22750630289454263 0.22632893076304977 0.15606470265114328 0.16298975138519273 0.15916916647055027 0.2260492599559465 0.17007732839735829 
G000568735.fna 0.2249642093485274 0.10092470812689457 0.03615548329199546 0.15424199219803125 0.15007405959438186 0.22377424308566113 0.22478743073045981 0.21667847081588082 0.21548959308239682 0.13501435665276423 0.1608970862810144 0.15787351762378968 0.22331018581638423 0.22556687944585424 0.22518212328139015 0.22236284017145558 0.22507849435761934 0.2274417143975203 0.22270071168518601 0.2232715399654909 0.22520085727695502 0.22210854242106648 0.2245196473708882 0.21897827388559704 0.22303694104203134 0.22177674189236618 0.22345785839254723 0.23191301485722013 0.1560322082051602 0.1058867181214916 0.1571310259671155 0.0 0.1252219308790652 0.10618244229753943 0.10383279044562255 0.22065099896203177 0.21847905500452064 0.21733520745114546 0.09902258621375087 0.10990899446201587 0.10673126959516972 0.22243573506944503 0.12675902893009328 
G000568755.fna 0.2349824819516686 0.13230105139860968 0.12529521300540197 0.17053218146556676 0.16810300633926994 0.23326308152905523 0.2331146054581802 0.2318956740773536 0.22996718783894451 0.15814999691998766 0.17470113741871315 0.17155493975263897 0.23561164518078997 0.23375055863083155 0.23667755837392124 0.2362141596892276 0.23520190853244155 0.23685852051660744 0.23346653516844934 0.23257615451792257 0.2338576312620525 0.2360655598198541 0.23478959960952278 0.2353249101262373 0.23460459088009872 0.23319861532969982 0.2331447529928433 0.2416948151641896 0.16992956201609014 0.13411594323872214 0.17083459459987366 0.1252219308790652 0.0 0.13404917277520545 0.13300537258663586 0.2344006529746278 0.23048188448520968 0.23063034525833476 0.13147073704113632 0.13824307306736214 0.1353758477756661 0.23306104644033365 0.15099571385932903 
G000568775.fna 0.22685259825359416 0.035706826760745096 0.10481610208590714 0.15860203009877755 0.1567185935257602 0.22552082053644246 0.2274505961036803 0.2239008077141706 0.22034693383523354 0.14021924524001061 0.16248555101131568 0.1603625819952953 0.2262593045900126 0.22495272631167362 0.22877768088172232 0.22747385908078258 0.22743152629685276 0.2292241701649973 0.223850407035954 0.22439151256943424 0.22777275242839284 0.22683655765870284 0.22668732983197454 0.22611763757968084 0.22526082191448205 0.22513477290453854 0.22429508792059805 0.23423337361827623 0.15830453036470607 0.05114134028342927 0.16030116555337376 0.10618244229753943 0.13404917277520545 0.0 0.05010100556810722 0.22648820702980157 0.2223427536337238 0.2238399310055359 0.03539898679277445 0.03511614974797886 0.03254093191498725 0.22429191444017965 0.12964945255586835 
G000568795.fna 0.22552238244529976 0.0516770985252155 0.1033651820884548 0.15569856529284556 0.15347073899915198 0.223610716700677 0.22502253109762707 0.21925294486974412 0.21939327273213427 0.1378110286936258 0.16166538595853558 0.1581938145224914 0.22466189822018695 0.22488900514993804 0.22652768350769334 0.22328112763351432 0.22560091646887467 0.2265826426512718 0.22502954320826818 0.22462298231115224 0.22527666892589987 0.22375746086869427 0.22497312772485953 0.22285819875332524 0.22534636089834525 0.2230443556354401 0.22457306728791787 0.23114177719916307 0.15673648281757838 0.016214652881354687 0.15830060994963582 0.10383279044562255 0.13300537258663586 0.05010100556810722 0.0 0.22497972672529096 0.2199972598176662 0.22048557013168846 0.05147247878339217 0.051882517155631316 0.04914142149841114 0.22336549337465478 0.1282280554562018 
G000691545.fna 0.09556246817083255 0.22230896664124394 0.21845200390769012 0.22985305291082686 0.22502111044141854 0.08921370581101656 0.09584431948530098 0.017172913033512784 0.07725890563787553 0.22453259723360414 0.2328450469987875 0.22873066656702767 0.04337190736524116 0.04233923892325096 0.045186738461164534 0.04313729751176069 0.042826587536699386 0.04488781617822389 0.042297800662779945 0.043296664041602984 0.04184508155868987 0.04178805750748529 0.04216387983820939 0.04373353072488305 0.04567317992389107 0.04202091496749888 0.04262534126280219 0.09851391862792248 0.23070163071440183 0.22760081252894965 0.2314213773337196 0.22065099896203177 0.2344006529746278 0.22648820702980157 0.22497972672529096 0.0 0.04141033183087339 0.08281368532098755 0.21990314009008 0.2238268093454056 0.22789688855656226 0.03720335830681727 0.22521821289551747 
G000714705.fna 0.09227164600547808 0.22014663272961715 0.21722955487918044 0.2256107597367698 0.22071009703548733 0.09025153497428591 0.09418612694252065 0.03823718708785391 0.07934486845991827 0.22317802768294542 0.23195084461237303 0.22854064400970064 0.03361155074249329 0.031531248846152826 0.03473648886638847 0.03294729227202231 0.0322241842625097 0.03384062031842246 0.03163134969793142 0.031648164891268114 0.03140174828888278 0.03106289124630656 0.029299180889800797 0.032641283369281654 0.034343283298362406 0.03163452209799932 0.03145626520557529 0.09911631675943541 0.2273255627777028 0.222481671379817 0.22750630289454263 0.21847905500452064 0.23048188448520968 0.2223427536337238 0.2199972598176662 0.04141033183087339 0.0 0.08104022797730207 0.21827437246923936 0.22703249403137027 0.2247779050475271 0.029687962405622152 0.22230522906797912 
G000739475.fna 0.0937380149101525 0.22020538058094863 0.21401863891561723 0.22525277745168754 0.2219652003199397 0.09096833377209433 0.0947258378067233 0.07974646023007959 0.07972128488075765 0.21732894884392473 0.23234228858645145 0.229784410386278 0.08796479491182244 0.08708634708128421 0.09010822611125807 0.08812081604785994 0.0871518649797443 0.0895985827747936 0.08697581069064031 0.08652123814127917 0.0872927482706929 0.08707366209323433 0.08725644777212671 0.0891552063117386 0.08953835875070429 0.0861255033853442 0.08664086882533195 0.10025766018328117 0.22607338507808716 0.22443340141100143 0.22632893076304977 0.21733520745114546 0.23063034525833476 0.2238399310055359 0.22048557013168846 0.08281368532098755 0.08104022797730207 0.0 0.21797153635947766 0.22757851239160398 0.22425246163098392 0.08678386338860389 0.2218947693005185 
G000956315.fna 0.22517701426915138 0.005336581209159398 0.09614115126678732 0.1533306922664432 0.14906161420409003 0.221610640177811 0.2234628593676255 0.21655481269117538 0.21462242315713692 0.1323321813483291 0.15974467297176154 0.1574409534203617 0.22263998282778502 0.22144728492210314 0.22566672566541235 0.22478042583395796 0.22507619144895985 0.2261072348582828 0.22070297147626777 0.2217337206708488 0.2241440218290576 0.22336372054762604 0.22421138867246643 0.2232890305191083 0.22056503210491385 0.22168353813298525 0.2208806600684564 0.2287889078068433 0.15418322998939896 0.05367107634239132 0.15606470265114328 0.09902258621375087 0.13147073704113632 0.03539898679277445 0.05147247878339217 0.21990314009008 0.21827437246923936 0.21797153635947766 0.0 0.026095736302846527 0.023439025833481283 0.22152403694479367 0.12350780499180392 
G001598195.fna 0.2313612942348183 0.02243997565042927 0.10884735027625336 0.1614652002101144 0.15901458025834492 0.22769420680698668 0.23035940476995617 0.22856923933089 0.22470066965093438 0.1441433141138329 0.1589107082331728 0.15928102819193857 0.22868126657052104 0.22958420286694858 0.23001707194204996 0.23066970766415895 0.22970244664956446 0.23030761263236685 0.2292074898442048 0.23044728443699364 0.23055604871253238 0.22930203271941713 0.22862790526087684 0.23012154738352136 0.22801838019981108 0.2290247090197119 0.22875062616620112 0.23506031286388157 0.1616441876660499 0.05113198191340693 0.16298975138519273 0.10990899446201587 0.13824307306736214 0.03511614974797886 0.051882517155631316 0.2238268093454056 0.22703249403137027 0.22757851239160398 0.026095736302846527 0.0 0.01725601355677322 0.22498853360101861 0.133773576767603 
G001660005.fna 0.22947328944984857 0.020213709982328947 0.10502176231787581 0.15809590490602227 0.15562674539613047 0.22784422944316168 0.22734301441040433 0.22491139271467445 0.22263086566000745 0.14101306189438356 0.1622520162680195 0.16021744845390315 0.2288762720048494 0.22773558684898795 0.23169767339601172 0.22889652781398356 0.22995282573599696 0.2314206248075884 0.228272499357071 0.22693293145989657 0.22904010004451375 0.22752215379382912 0.22950428195159794 0.2289468847489482 0.22906323768223952 0.22850862874718858 0.22842199038825717 0.23326667742363827 0.15809721699905577 0.04759499955223906 0.15916916647055027 0.10673126959516972 0.1353758477756661 0.03254093191498725 0.04914142149841114 0.22789688855656226 0.2247779050475271 0.22425246163098392 0.023439025833481283 0.01725601355677322 0.0 0.22734420021799318 0.13042529674619055 
G001922545.fna 0.09588225957969959 0.2234576893196193 0.22073956992640287 0.22562696377925162 0.2215459558829686 0.08938270027683701 0.0967570704555221 0.0419690417763178 0.08280879040730024 0.22608861503297167 0.2314192101941112 0.2247314939329855 0.032246501175959924 0.03116473022108654 0.034174109804463525 0.03154961477323687 0.029434946528004942 0.03275045706101556 0.029709234233629093 0.030921730655318926 0.030745561723231833 0.03024678739178745 0.01753785395667361 0.02129988010259957 0.034957379538229354 0.030259019571471618 0.02973341286591144 0.09914971033874463 0.22618321234795502 0.2262760582648592 0.2260492599559465 0.22243573506944503 0.23306104644033365 0.22429191444017965 0.22336549337465478 0.03720335830681727 0.029687962405622152 0.08678386338860389 0.22152403694479367 0.22498853360101861 0.22734420021799318 0.0 0.22406065759614918 
G001936255.fna 0.22637031466111393 0.12608813810049102 0.12475954375932885 0.16629162988440893 0.16246476612974167 0.22719717362799924 0.227950321174601 0.22130254507327063 0.21946347175684197 0.14868542262093665 0.17377954774406038 0.16992528474615534 0.22595414790332247 0.22688842062350978 0.22826753538811514 0.22639507266031617 0.22846711283918236 0.22942356944726972 0.2253370303128479 0.22598103337580394 0.2280841063357869 0.22689377909537445 0.2268166941237966 0.22424792286220346 0.22508004270993323 0.22194096558324816 0.2251828571612628 0.23434642047496757 0.16909565988562109 0.13024417282450576 0.17007732839735829 0.12675902893009328 0.15099571385932903 0.12964945255586835 0.1282280554562018 0.22521821289551747 0.22230522906797912 0.2218947693005185 0.12350780499180392 0.133773576767603 0.13042529674619055 0.22406065759614918 0.0 
