43
G000008685.fna 0.0 0.20855148513070687 0.20499604657109066 0.2107590382523877 0.2085852516294182 0.09560056375768772 0.06465045167674252 0.0865050168958566 0.08693015323966775 0.2089468362550418 0.2197591286403402 0.21555311191997953 0.09331400669914487 0.09212316500205744 0.09368022286329082 0.0924650306792161 0.0907540416639194 0.09341695281498572 0.09090779790562509 0.09114818817954823 0.09175989649064295 0.09064706813407804 0.09121301523955017 0.09335739308271458 0.09392893502853064 0.09164266006303966 0.09134478708694366 0.0237498154210841 0.21265006344293946 0.2099545466401314 0.21179483720741998 0.20669132210032296 0.21818557542663097 0.20973811712837478 0.2101710606861702 0.09045071018526069 0.08776802973350169 0.08922746065290249 0.2069268044982986 0.21310957131937558 0.21138026918081348 0.0909733213203673 0.2078957372871951 
G000012065.fna 0.20855148513070687 0.0 0.09523349835829045 0.14838639814741542 0.14548504541567278 0.2069663778657138 0.20680616300069773 0.2022422091943148 0.1994220093935746 0.13052870691283722 0.1529543284525934 0.1526344793145376 0.2070728068210055 0.20523821484873542 0.20956618048876366 0.20877554615804195 0.20928363473839107 0.21028904028685447 0.205253415457953 0.2058142160061095 0.20853454837877938 0.20790344597720134 0.20916861292186328 0.20729658803375162 0.20357609140822958 0.20595070685269862 0.20517651165093542 0.2121277026371914 0.14826015043809573 0.04851713348724074 0.15016484767723756 0.09739688078516018 0.12663464110854047 0.03211314568086383 0.047873172429239184 0.20535755265742217 0.2022434416611698 0.20366727239918972 0.0047326107396495724 0.019047028442842194 0.017067789705808994 0.20522674431108304 0.12174231826102283 
G000012085.fna 0.20499604657109066 0.09523349835829045 0.0 0.14646394911134178 0.14307831209736177 0.20560216334130835 0.20639552401128697 0.20013220938948323 0.19855016034361067 0.12902712084209925 0.1531187767353751 0.15069758507326492 0.20452618827835725 0.20449541642885694 0.20641889536936714 0.2060850654585455 0.2065123581698013 0.2073118696281951 0.20263846823464912 0.20282723754418158 0.20687406240925038 0.20716058063506843 0.2070362394749745 0.2030962749859807 0.20068146686681118 0.20272460682270443 0.20279083169347292 0.21293445229431113 0.14688572946264028 0.1007788371657129 0.14947347758600016 0.03386236357206868 0.11945720139886754 0.1001798144780999 0.09906904081631285 0.20200031841969046 0.1996729384309482 0.19746340912254073 0.09298762001605948 0.10379366263813082 0.10042114489488443 0.20280237230463866 0.12102914024775716 
G000019685.fna 0.2107590382523877 0.14838639814741542 0.14646394911134178 0.0 0.02213783619796908 0.2066082922200714 0.2095929381119006 0.2095789002502659 0.20909809690801937 0.16650469528811956 0.12836629623105836 0.054653407506769544 0.21054576477956116 0.21034684039187918 0.2146008533981749 0.2081691913963991 0.21094565144294772 0.21249997234308624 0.20813439258195748 0.21070523622079082 0.21114367229930456 0.21003109432590236 0.21045114732564202 0.20705974650088949 0.2124302569353098 0.21319147842601588 0.21430578560279764 0.21538680124915832 0.0256417381861279 0.15096377470274525 0.03076992840355939 0.14764074051567638 0.1637754134659771 0.15216611552267229 0.15011847008140083 0.214144875059919 0.20844229668876318 0.21041232463773746 0.14719272220393045 0.15492859583069404 0.15147189105290715 0.2080493299347131 0.15967075630151356 
G000019705.fna 0.2085852516294182 0.14548504541567278 0.14307831209736177 0.02213783619796908 0.0 0.20323723854370063 0.20828878549753832 0.20366862458207674 0.2042567775159846 0.16301732328389745 0.12427324536130174 0.056226694611389766 0.20696034019412685 0.20742750968329474 0.21097079381132264 0.2038197182472864 0.20776284239380866 0.21012553892872873 0.20586140273775067 0.20806446114212693 0.20800465133427654 0.20848686038645003 0.20678952526081792 0.20244961000601616 0.20828956535284862 0.20695641364551215 0.21032384840749835 0.21347137560322438 0.026958597186375215 0.14843945721474186 0.03097583116867253 0.14424893161507799 0.16139566993443016 0.15045100339920028 0.1481698445548027 0.2101488318242684 0.20400139832735137 0.20770188847543358 0.1437664932312538 0.15274561191270852 0.14936600311995796 0.20439030731758956 0.1563154600646715 
G000181895.fna 0.09560056375768772 0.2069663778657138 0.20560216334130835 0.2066082922200714 0.20323723854370063 0.0 0.09597298441687946 0.08478657888562934 0.06988986966889527 0.21019352302918898 0.21614165787496048 0.20772115457638518 0.08883669220670033 0.08654458644872967 0.08890680742370513 0.08794258018882346 0.0868267596590343 0.0889116722023353 0.08585295890903348 0.08639012549741569 0.08677996824530998 0.08637718512425627 0.08506139313720552 0.08926668583410555 0.0897776293363722 0.08686598896142494 0.08757988121177065 0.09901539187973671 0.20418976538682546 0.21076021246142995 0.20337365430421422 0.20709201871778796 0.21706573387436487 0.2084331158214387 0.2094677979347513 0.08487127913175485 0.0860366244659713 0.08685223191361288 0.2048990525362286 0.21185398869859845 0.21159779097431414 0.08534194391259425 0.21000532307377603 
G000222305.fna 0.06465045167674252 0.20680616300069773 0.20639552401128697 0.2095929381119006 0.20828878549753832 0.09597298441687946 0.0 0.08773876064381911 0.08682418457274632 0.20995166891092648 0.21895911490356385 0.21398950168382186 0.09411840832812908 0.09310548013491658 0.09580951670882884 0.0942789332929487 0.09233359506245539 0.09515654961045372 0.09239689919184532 0.09232201474481667 0.0928404405276551 0.09229232484723272 0.09250504445175883 0.09478324905225816 0.0954202188586222 0.09265786417800512 0.0930351074955667 0.07110400640773108 0.2104388844385751 0.21037579844230314 0.21004748993167358 0.20755554744579524 0.2163207171151673 0.20952006771403214 0.2094733907018186 0.09091662270183942 0.08982649462803544 0.09031488612793148 0.20502375794947925 0.21229656145561848 0.20904305316750166 0.09202655978245376 0.2098911356277912 
G000300045.fna 0.0865050168958566 0.2022422091943148 0.20013220938948323 0.2095789002502659 0.20366862458207674 0.08478657888562934 0.08773876064381911 0.0 0.06983124965830902 0.20625662904051306 0.21729169979426938 0.21487314828494747 0.03947566209420655 0.0382629167316229 0.041620928542877265 0.04030074889601314 0.03870112642180716 0.04086127927347952 0.0391098184587499 0.038845538280153684 0.03870553045722711 0.038947041651103624 0.03848963139769115 0.03966105898152693 0.040987539251179365 0.038175649166142606 0.03846918588763132 0.09284560719184964 0.2124661790999563 0.20560024205472718 0.21287709110906056 0.19958514714782075 0.21418988830366703 0.20690817345908546 0.20346443785523333 0.014657523998037821 0.03521650151560514 0.07632315830048118 0.2000082048198519 0.21151959665960168 0.20763260121451965 0.03841035569744222 0.20338682689481602 
G000304735.fna 0.08693015323966775 0.1994220093935746 0.19855016034361067 0.20909809690801937 0.2042567775159846 0.06988986966889527 0.08682418457274632 0.06983124965830902 0.0 0.20205899258812077 0.2135080422166217 0.21165168741025994 0.0796637907636732 0.0787949901014522 0.08176281233271206 0.08010580543744641 0.07902337306879831 0.08114115044215932 0.07900766200378101 0.07854852607708522 0.07917207966093542 0.07872144125992947 0.07849085429347925 0.07963519967474511 0.08125726357941503 0.07821349840447409 0.0783090578297519 0.09134460145798791 0.21050083606857484 0.20489738486450018 0.21012449075232226 0.19889486234160175 0.21356187381155622 0.20172568780314326 0.2034153684144308 0.07363997515405046 0.0752673232926105 0.0762914740007366 0.19711669213678262 0.20604021133053704 0.20468430581911412 0.0782311869155982 0.20151316241921596 
G000445425.fna 0.2089468362550418 0.13052870691283722 0.12902712084209925 0.16650469528811956 0.16301732328389745 0.21019352302918898 0.20995166891092648 0.20625662904051306 0.20205899258812077 0.0 0.17020351289614694 0.16988046243805158 0.21170194288155572 0.21082329196807398 0.2122017657133772 0.21240299234362392 0.21318973390544213 0.21299361645514675 0.2103315259175008 0.209840517026703 0.21269415507338044 0.21336278681516943 0.21339894964660447 0.2115002603047686 0.20857000719875474 0.20816632099533294 0.21059698473782823 0.2160358495762783 0.16673693493250683 0.13553733042330243 0.16690369195080507 0.131003620043255 0.1517387541043067 0.13518285012962464 0.1335870291226557 0.20940243131688419 0.20754441291227066 0.20135073411441878 0.12851193892454915 0.13868385612786033 0.1359874570970314 0.20935060964598606 0.14441102988533538 
G000500045.fna 0.2197591286403402 0.1529543284525934 0.1531187767353751 0.12836629623105836 0.12427324536130174 0.21614165787496048 0.21895911490356385 0.21729169979426938 0.2135080422166217 0.17020351289614694 0.0 0.1246897807069002 0.2144012359483798 0.21852715731758876 0.2132357158280857 0.21606705089623907 0.21652583481777005 0.21513780864660137 0.21951134352088983 0.21785189455014536 0.21595192403722166 0.2187411306724261 0.21464447204769133 0.21773739166138842 0.21574651670832917 0.21601525479685052 0.21814538881301362 0.22533220243414118 0.1278928369743205 0.15622047051119956 0.12895516773180105 0.1538090754155349 0.167858571593031 0.15525097943773203 0.15563906247559794 0.21671690795028173 0.21269410702284297 0.21433346506598 0.1519650245017105 0.15181748262319 0.15454230330772387 0.21386393713194968 0.16602357967983822 
G000500065.fna 0.21555311191997953 0.1526344793145376 0.15069758507326492 0.054653407506769544 0.056226694611389766 0.20772115457638518 0.21398950168382186 0.21487314828494747 0.21165168741025994 0.16988046243805158 0.1246897807069002 0.0 0.2102976845745591 0.2125248803403583 0.21310162922643805 0.2116835832943515 0.21113517313149766 0.21270819868985402 0.211997008771794 0.21241393526045124 0.21206962408659247 0.21318937268368912 0.210994103700619 0.21199903361570988 0.2124754649562603 0.2141844137898246 0.21336451400211864 0.22018538871433718 0.05465508686505985 0.15358742402213893 0.053373038349616195 0.15136468506639697 0.1652790197483723 0.15424768798998678 0.1534579093542789 0.21323325360485199 0.21182821639463195 0.2154235238767512 0.15137811496856768 0.15331015480886634 0.1543771287126191 0.2080837386937403 0.16382857210277446 
G000500975.fna 0.09331400669914487 0.2070728068210055 0.20452618827835725 0.21054576477956116 0.20696034019412685 0.08883669220670033 0.09411840832812908 0.03947566209420655 0.0796637907636732 0.21170194288155572 0.2144012359483798 0.2102976845745591 0.0 0.02676472438116939 0.029377951049208394 0.021332760846602246 0.019047216509162596 0.028441797337227084 0.025816349375137382 0.020155077119838386 0.02687885962395909 0.027882155109383567 0.030055519784721332 0.03080068553296199 0.02935811252681879 0.027701217654593394 0.028568280135085028 0.0964346750644117 0.21016107736604178 0.20921022357186828 0.21032010387303668 0.2051750675827656 0.2177884327875517 0.20877945910748352 0.20804049028798538 0.039634625451130334 0.030114013039702542 0.08348440036929305 0.20499474843980095 0.211039767513155 0.21075391398420207 0.028864650654103652 0.20765973131824372 
G000501015.fna 0.09212316500205744 0.20523821484873542 0.20449541642885694 0.21034684039187918 0.20742750968329474 0.08654458644872967 0.09310548013491658 0.0382629167316229 0.0787949901014522 0.21082329196807398 0.21852715731758876 0.2125248803403583 0.02676472438116939 0.0 0.0270104220464367 0.025515671166046534 0.025085381665664735 0.018542714135810195 0.017309629678160535 0.025517495700858706 0.01680589920264493 0.024634645602708782 0.02737074876019514 0.03052396062335835 0.02739524996096341 0.026971996438670293 0.027797948921620186 0.09582368281101947 0.20656115016690726 0.2100870945636693 0.20530602184689234 0.20830348930521547 0.216589673696703 0.20777069133823728 0.20900124099785405 0.038729424633092716 0.028367050002008863 0.08287400026804331 0.20340934063069382 0.2130147975072325 0.20976842916125185 0.0279404242634447 0.20934906604872233 
G000501155.fna 0.09368022286329082 0.20956618048876366 0.20641889536936714 0.2146008533981749 0.21097079381132264 0.08890680742370513 0.09580951670882884 0.041620928542877265 0.08176281233271206 0.2122017657133772 0.2132357158280857 0.21310162922643805 0.029377951049208394 0.0270104220464367 0.0 0.02999879032902506 0.029162139664166767 0.02888850676882592 0.025934613844590528 0.02923111291234471 0.026727839780453642 0.017560066367599846 0.0311059706009472 0.032468306513497205 0.02102261666106455 0.02970029064130366 0.030391368777612743 0.09674653461029203 0.21526194876814447 0.2114991027449865 0.21516429388401437 0.2069002510069612 0.21871153515611436 0.21112132520133037 0.20969966790987138 0.04111132099444322 0.03106134793353555 0.08546553806329903 0.2075142948452749 0.2120610069771696 0.21334631901681755 0.03048041704005147 0.2095761623547498 
G000501215.fna 0.0924650306792161 0.20877554615804195 0.2060850654585455 0.2081691913963991 0.2038197182472864 0.08794258018882346 0.0942789332929487 0.04030074889601314 0.08010580543744641 0.21240299234362392 0.21606705089623907 0.2116835832943515 0.021332760846602246 0.025515671166046534 0.02999879032902506 0.0 0.01784001911504986 0.026980725605539588 0.025876970758799862 0.017186604897849914 0.02536644843840953 0.026982201032367287 0.029185036827191178 0.031614323767838286 0.030200700385384974 0.027992249370126947 0.02867024994900558 0.09644183348114704 0.2108519674607472 0.21038525512546438 0.21070594742280693 0.20356736275665305 0.21846801674717 0.21025916922770094 0.2068208988358637 0.039439547176583684 0.02956911599892003 0.0836484608267945 0.20683976228382 0.2131687111987132 0.21061149097214402 0.02826380874038765 0.20723071414912278 
G000501235.fna 0.0907540416639194 0.20928363473839107 0.2065123581698013 0.21094565144294772 0.20776284239380866 0.0868267596590343 0.09233359506245539 0.03870112642180716 0.07902337306879831 0.21318973390544213 0.21652583481777005 0.21113517313149766 0.019047216509162596 0.025085381665664735 0.029162139664166767 0.01784001911504986 0.0 0.026403751423440293 0.02478494449451199 0.017203259886469088 0.02463484257598525 0.025660169343921763 0.027441634629285973 0.030445298541792246 0.029641465903310175 0.026962174920543633 0.027715057097120775 0.09544611653274476 0.21146767954204995 0.21111092313049784 0.21065273956503766 0.20701706143000503 0.21860283075875353 0.21069316615812744 0.20969164430570592 0.039187811064465644 0.028970176304539637 0.08277259633940133 0.2075425046002854 0.21253216133999053 0.21242689065033016 0.026475451452805915 0.21067479725305022 
G000501275.fna 0.09341695281498572 0.21028904028685447 0.2073118696281951 0.21249997234308624 0.21012553892872873 0.0889116722023353 0.09515654961045372 0.04086127927347952 0.08114115044215932 0.21299361645514675 0.21513780864660137 0.21270819868985402 0.028441797337227084 0.018542714135810195 0.02888850676882592 0.026980725605539588 0.026403751423440293 0.0 0.019243083032536034 0.026909508519971433 0.018615884658227225 0.025562893270759807 0.02918012911259389 0.032232557491796605 0.028726618182175784 0.029119227787826687 0.02991905564012532 0.09711991910598407 0.21219653637676 0.21219371881693405 0.2119597335730498 0.20910589362175092 0.21914284223974972 0.21212496245911333 0.21028855752409997 0.040872854939925166 0.03029988585469324 0.08505173487299642 0.2083540591878379 0.21261835159935594 0.2133544029607995 0.02929958105158096 0.2111194223852549 
G000501595.fna 0.09090779790562509 0.205253415457953 0.20263846823464912 0.20813439258195748 0.20586140273775067 0.08585295890903348 0.09239689919184532 0.0391098184587499 0.07900766200378101 0.2103315259175008 0.21951134352088983 0.211997008771794 0.025816349375137382 0.017309629678160535 0.025934613844590528 0.025876970758799862 0.02478494449451199 0.019243083032536034 0.0 0.02489303245754779 0.017608015516086428 0.023343157985828963 0.026430555366823365 0.028855533101183915 0.0265383436205582 0.026468707111536226 0.02639840552882284 0.09474103834140385 0.2073438360801097 0.20983321535889748 0.2061675095809844 0.20560839861565722 0.21626783788504997 0.20705470177667618 0.2101062801215642 0.03871028969437671 0.028440762871743734 0.08284337318551552 0.2034080433914782 0.2130360493502183 0.2113106183925727 0.026720201534196325 0.2075539192573745 
G000501615.fna 0.09114818817954823 0.2058142160061095 0.20282723754418158 0.21070523622079082 0.20806446114212693 0.08639012549741569 0.09232201474481667 0.038845538280153684 0.07854852607708522 0.209840517026703 0.21785189455014536 0.21241393526045124 0.020155077119838386 0.025517495700858706 0.02923111291234471 0.017186604897849914 0.017203259886469088 0.026909508519971433 0.02489303245754779 0.0 0.025459065873482026 0.0267402175835372 0.027911773311938955 0.03049120273659281 0.02937417965387972 0.02656382718629236 0.027672924874239342 0.09497133343412978 0.20619435496048594 0.21026847891901262 0.20692408133211349 0.20613971600456377 0.21557475870239112 0.20725630400028122 0.20961394686004403 0.03960393565367161 0.02847433161190244 0.0823649972865336 0.20391508513707443 0.21395474999816647 0.2093979100155322 0.027779247130426468 0.20784151119684294 
G000501675.fna 0.09175989649064295 0.20853454837877938 0.20687406240925038 0.21114367229930456 0.20800465133427654 0.08677996824530998 0.0928404405276551 0.03870553045722711 0.07917207966093542 0.21269415507338044 0.21595192403722166 0.21206962408659247 0.02687885962395909 0.01680589920264493 0.026727839780453642 0.02536644843840953 0.02463484257598525 0.018615884658227225 0.017608015516086428 0.025459065873482026 0.0 0.02337155620166858 0.027530594227841168 0.030437998872325584 0.027273605721496917 0.027115978660223326 0.02784948858517986 0.09505223115891745 0.21077710829456245 0.21065761107023542 0.20844094604606236 0.2073318166476641 0.21635671075546706 0.21126563990862796 0.20895926958032737 0.03830193027390907 0.028268263229784978 0.08312729300154244 0.20669746838233993 0.21366165151365576 0.21115851520484374 0.027597367413488505 0.2105805527945087 
G000501695.fna 0.09064706813407804 0.20790344597720134 0.20716058063506843 0.21003109432590236 0.20848686038645003 0.08637718512425627 0.09229232484723272 0.038947041651103624 0.07872144125992947 0.21336278681516943 0.2187411306724261 0.21318937268368912 0.027882155109383567 0.024634645602708782 0.017560066367599846 0.026982201032367287 0.025660169343921763 0.025562893270759807 0.023343157985828963 0.0267402175835372 0.02337155620166858 0.0 0.027996724027917655 0.03073964006847149 0.01925698147843702 0.027305776990851714 0.028159465021390544 0.094558819489893 0.21481510456905709 0.20939217274591798 0.21458375479510938 0.20449112850138973 0.21943336185932033 0.21005868542124778 0.20768752463993745 0.03826664485065684 0.02796649449129008 0.08288053926228889 0.20598899655158265 0.21242178616156754 0.20966588144670728 0.027160285429721088 0.20885323028795655 
G000501735.fna 0.09121301523955017 0.20916861292186328 0.2070362394749745 0.21045114732564202 0.20678952526081792 0.08506139313720552 0.09250504445175883 0.03848963139769115 0.07849085429347925 0.21339894964660447 0.21464447204769133 0.210994103700619 0.030055519784721332 0.02737074876019514 0.0311059706009472 0.029185036827191178 0.027441634629285973 0.02918012911259389 0.026430555366823365 0.027911773311938955 0.027530594227841168 0.027996724027917655 0.0 0.017527993326263085 0.03189326268520685 0.028566535195880205 0.028080565938198278 0.09527388397169669 0.21029763888308362 0.21103664551748252 0.21016705062911084 0.20734881172116792 0.218081616650523 0.21024759924670658 0.20994616268798322 0.03851791966671312 0.02619300797505711 0.08299238312401828 0.20736802740169608 0.21187269953553856 0.21254330071518718 0.014910647899422896 0.20942330802532616 
G000501755.fna 0.09335739308271458 0.20729658803375162 0.2030962749859807 0.20705974650088949 0.20244961000601616 0.08926668583410555 0.09478324905225816 0.03966105898152693 0.07963519967474511 0.2115002603047686 0.21773739166138842 0.21199903361570988 0.03080068553296199 0.03052396062335835 0.032468306513497205 0.031614323767838286 0.030445298541792246 0.032232557491796605 0.028855533101183915 0.03049120273659281 0.030437998872325584 0.03073964006847149 0.017527993326263085 0.0 0.03327507023770719 0.030962343649651534 0.029669964361340145 0.09700731282877512 0.2102497540186268 0.20770828453048856 0.210263771845571 0.19979792531504337 0.2174275237809625 0.20816189450786088 0.20587613708727076 0.039914413488717285 0.028987864307352777 0.08468250843108886 0.20521824932610905 0.2122175628189213 0.21029725895193987 0.01815284506866209 0.20525501359038795 
G000501875.fna 0.09392893502853064 0.20357609140822958 0.20068146686681118 0.2124302569353098 0.20828956535284862 0.0897776293363722 0.0954202188586222 0.040987539251179365 0.08125726357941503 0.20857000719875474 0.21574651670832917 0.2124754649562603 0.02935811252681879 0.02739524996096341 0.02102261666106455 0.030200700385384974 0.029641465903310175 0.028726618182175784 0.0265383436205582 0.02937417965387972 0.027273605721496917 0.01925698147843702 0.03189326268520685 0.03327507023770719 0.0 0.029963189002079504 0.030643932891344785 0.09664837100421786 0.2109760194189893 0.21004939478645984 0.2111052302624547 0.20458252756805811 0.21619853283129187 0.2059643704298153 0.20875763549929666 0.041512587285881974 0.03071158939548084 0.08482310947288899 0.2014152897053182 0.2088638953725011 0.20962799762597656 0.031175311614700385 0.20526982405422697 
G000501895.fna 0.09164266006303966 0.20595070685269862 0.20272460682270443 0.21319147842601588 0.20695641364551215 0.08686598896142494 0.09265786417800512 0.038175649166142606 0.07821349840447409 0.20816632099533294 0.21601525479685052 0.2141844137898246 0.027701217654593394 0.026971996438670293 0.02970029064130366 0.027992249370126947 0.026962174920543633 0.029119227787826687 0.026468707111536226 0.02656382718629236 0.027115978660223326 0.027305776990851714 0.028566535195880205 0.030962343649651534 0.029963189002079504 0.0 0.02640340140931144 0.09505035243318372 0.21365671167708697 0.20800473412213172 0.21303843214559764 0.2038060838187563 0.21501301591136518 0.20783591407856983 0.20654229425646556 0.038520326710618516 0.028457355037958 0.08206434322440936 0.20404712576036396 0.21204005209459664 0.21081616807951287 0.027193696737654628 0.2035168611576236 
G000501915.fna 0.09134478708694366 0.20517651165093542 0.20279083169347292 0.21430578560279764 0.21032384840749835 0.08757988121177065 0.0930351074955667 0.03846918588763132 0.0783090578297519 0.21059698473782823 0.21814538881301362 0.21336451400211864 0.028568280135085028 0.027797948921620186 0.030391368777612743 0.02867024994900558 0.027715057097120775 0.02991905564012532 0.02639840552882284 0.027672924874239342 0.02784948858517986 0.028159465021390544 0.028080565938198278 0.029669964361340145 0.030643932891344785 0.02640340140931144 0.0 0.09511499006257187 0.21134125465141407 0.2096417342758512 0.2115569525313527 0.2063414587233931 0.2160656448606597 0.20710469809671808 0.20924540904306937 0.039084653831198364 0.02831545905460972 0.0826977367335538 0.20308078220496428 0.21141262701041513 0.21101317250472573 0.026822855727776644 0.20771555714562212 
G000502095.fna 0.0237498154210841 0.2121277026371914 0.21293445229431113 0.21538680124915832 0.21347137560322438 0.09901539187973671 0.07110400640773108 0.09284560719184964 0.09134460145798791 0.2160358495762783 0.22533220243414118 0.22018538871433718 0.0964346750644117 0.09582368281101947 0.09674653461029203 0.09644183348114704 0.09544611653274476 0.09711991910598407 0.09474103834140385 0.09497133343412978 0.09505223115891745 0.094558819489893 0.09527388397169669 0.09700731282877512 0.09664837100421786 0.09505035243318372 0.09511499006257187 0.0 0.21682162078077158 0.21401847287320241 0.21685449309101767 0.2140796284774653 0.22393621330331803 0.21565729879552553 0.21486815487200212 0.0928355757751575 0.09373379003941673 0.09483849200200367 0.21020197362511 0.21646014154639698 0.21396231296510534 0.09381375255572807 0.215027428058258 
G000523535.fna 0.21265006344293946 0.14826015043809573 0.14688572946264028 0.0256417381861279 0.026958597186375215 0.20418976538682546 0.2104388844385751 0.2124661790999563 0.21050083606857484 0.16673693493250683 0.1278928369743205 0.05465508686505985 0.21016107736604178 0.20656115016690726 0.21526194876814447 0.2108519674607472 0.21146767954204995 0.21219653637676 0.2073438360801097 0.20619435496048594 0.21077710829456245 0.21481510456905709 0.21029763888308362 0.2102497540186268 0.2109760194189893 0.21365671167708697 0.21134125465141407 0.21682162078077158 0.0 0.1522812218959747 0.030914880265643187 0.14939176146957006 0.16281110981544294 0.15172003703364717 0.15128654192277857 0.2145116330207002 0.21015055341929495 0.21041564940370014 0.14716663573312777 0.15467740976599592 0.1513572924990705 0.20805553562929963 0.1620320265105834 
G000568675.fna 0.2099545466401314 0.04851713348724074 0.1007788371657129 0.15096377470274525 0.14843945721474186 0.21076021246142995 0.21037579844230314 0.20560024205472718 0.20489738486450018 0.13553733042330243 0.15622047051119956 0.15358742402213893 0.20921022357186828 0.2100870945636693 0.2114991027449865 0.21038525512546438 0.21111092313049784 0.21219371881693405 0.20983321535889748 0.21026847891901262 0.21065761107023542 0.20939217274591798 0.21103664551748252 0.20770828453048856 0.21004939478645984 0.20800473412213172 0.2096417342758512 0.21401847287320241 0.1522812218959747 0.0 0.15335128679453633 0.10108065627837057 0.12855952764345477 0.047555656909326706 0.01399221534200833 0.20987597175720718 0.2043380258244378 0.20736936663612132 0.04950440521349938 0.04738504567957241 0.04438884395759866 0.2079162979343004 0.12517720367443744 
G000568715.fna 0.21179483720741998 0.15016484767723756 0.14947347758600016 0.03076992840355939 0.03097583116867253 0.20337365430421422 0.21004748993167358 0.21287709110906056 0.21012449075232226 0.16690369195080507 0.12895516773180105 0.053373038349616195 0.21032010387303668 0.20530602184689234 0.21516429388401437 0.21070594742280693 0.21065273956503766 0.2119597335730498 0.2061675095809844 0.20692408133211349 0.20844094604606236 0.21458375479510938 0.21016705062911084 0.210263771845571 0.2111052302624547 0.21303843214559764 0.2115569525313527 0.21685449309101767 0.030914880265643187 0.15335128679453633 0.0 0.15053686880103298 0.16425501082651586 0.15374423572188892 0.15297223074994779 0.21552555880383853 0.2108480480098594 0.2108107589011992 0.14934510196250805 0.15660058171060526 0.15253072819536517 0.20820558373183523 0.16278831830322787 
G000568735.fna 0.20669132210032296 0.09739688078516018 0.03386236357206868 0.14764074051567638 0.14424893161507799 0.20709201871778796 0.20755554744579524 0.19958514714782075 0.19889486234160175 0.131003620043255 0.1538090754155349 0.15136468506639697 0.2051750675827656 0.20830348930521547 0.2069002510069612 0.20356736275665305 0.20701706143000503 0.20910589362175092 0.20560839861565722 0.20613971600456377 0.2073318166476641 0.20449112850138973 0.20734881172116792 0.19979792531504337 0.20458252756805811 0.2038060838187563 0.2063414587233931 0.2140796284774653 0.14939176146957006 0.10108065627837057 0.15053686880103298 0.0 0.11957575604876464 0.1016614865998774 0.09949051603996718 0.20385967570167296 0.20052120554405367 0.2003529144225205 0.09563930786110972 0.1050663042464837 0.10219294296935434 0.20397704940652822 0.1224397165559669 
G000568755.fna 0.21818557542663097 0.12663464110854047 0.11945720139886754 0.1637754134659771 0.16139566993443016 0.21706573387436487 0.2163207171151673 0.21418988830366703 0.21356187381155622 0.1517387541043067 0.167858571593031 0.1652790197483723 0.2177884327875517 0.216589673696703 0.21871153515611436 0.21846801674717 0.21860283075875353 0.21914284223974972 0.21626783788504997 0.21557475870239112 0.21635671075546706 0.21943336185932033 0.218081616650523 0.2174275237809625 0.21619853283129187 0.21501301591136518 0.2160656448606597 0.22393621330331803 0.16281110981544294 0.12855952764345477 0.16425501082651586 0.11957575604876464 0.0 0.12837850491064653 0.12784932000092308 0.21636629972408783 0.2125195824148127 0.21385025138802172 0.12563106612821012 0.13253843970342696 0.12963106766510413 0.2147644424521486 0.14463857707956623 
G000568775.fna 0.20973811712837478 0.03211314568086383 0.1001798144780999 0.15216611552267229 0.15045100339920028 0.2084331158214387 0.20952006771403214 0.20690817345908546 0.20172568780314326 0.13518285012962464 0.15525097943773203 0.15424768798998678 0.20877945910748352 0.20777069133823728 0.21112132520133037 0.21025916922770094 0.21069316615812744 0.21212496245911333 0.20705470177667618 0.20725630400028122 0.21126563990862796 0.21005868542124778 0.21024759924670658 0.20816189450786088 0.2059643704298153 0.20783591407856983 0.20710469809671808 0.21565729879552553 0.15172003703364717 0.047555656909326706 0.15374423572188892 0.1016614865998774 0.12837850491064653 0.0 0.04680396940374138 0.20907193692066894 0.20386812272393762 0.20640473928816944 0.03172208291561519 0.03186688619783358 0.029649557441325837 0.2064831378076969 0.1246809795954795 
G000568795.fna 0.2101710606861702 0.047873172429239184 0.09906904081631285 0.15011847008140083 0.1481698445548027 0.2094677979347513 0.2094733907018186 0.20346443785523333 0.2034153684144308 0.1335870291226557 0.15563906247559794 0.1534579093542789 0.20804049028798538 0.20900124099785405 0.20969966790987138 0.2068208988358637 0.20969164430570592 0.21028855752409997 0.2101062801215642 0.20961394686004403 0.20895926958032737 0.20768752463993745 0.20994616268798322 0.20587613708727076 0.20875763549929666 0.20654229425646556 0.20924540904306937 0.21486815487200212 0.15128654192277857 0.01399221534200833 0.15297223074994779 0.09949051603996718 0.12784932000092308 0.04680396940374138 0.0 0.2095774457943344 0.20383121459409864 0.2051111649592552 0.04765841974902655 0.04812444153804246 0.045798759117921924 0.2069097096175561 0.1237964513706564 
G000691545.fna 0.09045071018526069 0.20535755265742217 0.20200031841969046 0.214144875059919 0.2101488318242684 0.08487127913175485 0.09091662270183942 0.014657523998037821 0.07363997515405046 0.20940243131688419 0.21671690795028173 0.21323325360485199 0.039634625451130334 0.038729424633092716 0.04111132099444322 0.039439547176583684 0.039187811064465644 0.040872854939925166 0.03871028969437671 0.03960393565367161 0.03830193027390907 0.03826664485065684 0.03851791966671312 0.039914413488717285 0.041512587285881974 0.038520326710618516 0.039084653831198364 0.0928355757751575 0.2145116330207002 0.20987597175720718 0.21552555880383853 0.20385967570167296 0.21636629972408783 0.20907193692066894 0.2095774457943344 0.0 0.03796977548675509 0.07903286802763682 0.203085588541217 0.20699009102052582 0.21044758317135098 0.03425594145233137 0.20728769747047193 
G000714705.fna 0.08776802973350169 0.2022434416611698 0.1996729384309482 0.20844229668876318 0.20400139832735137 0.0860366244659713 0.08982649462803544 0.03521650151560514 0.0752673232926105 0.20754441291227066 0.21269410702284297 0.21182821639463195 0.030114013039702542 0.028367050002008863 0.03106134793353555 0.02956911599892003 0.028970176304539637 0.03029988585469324 0.028440762871743734 0.02847433161190244 0.028268263229784978 0.02796649449129008 0.02619300797505711 0.028987864307352777 0.03071158939548084 0.028457355037958 0.02831545905460972 0.09373379003941673 0.21015055341929495 0.2043380258244378 0.2108480480098594 0.20052120554405367 0.2125195824148127 0.20386812272393762 0.20383121459409864 0.03796977548675509 0.0 0.07762237230903235 0.20028518011339447 0.20873992858680612 0.20695237345332973 0.026555899738067816 0.2028286333230333 
G000739475.fna 0.08922746065290249 0.20366727239918972 0.19746340912254073 0.21041232463773746 0.20770188847543358 0.08685223191361288 0.09031488612793148 0.07632315830048118 0.0762914740007366 0.20135073411441878 0.21433346506598 0.2154235238767512 0.08348440036929305 0.08287400026804331 0.08546553806329903 0.0836484608267945 0.08277259633940133 0.08505173487299642 0.08284337318551552 0.0823649972865336 0.08312729300154244 0.08288053926228889 0.08299238312401828 0.08468250843108886 0.08482310947288899 0.08206434322440936 0.0826977367335538 0.09483849200200367 0.21041564940370014 0.20736936663612132 0.2108107589011992 0.2003529144225205 0.21385025138802172 0.20640473928816944 0.2051111649592552 0.07903286802763682 0.07762237230903235 0.0 0.2013008674570408 0.2100227514664041 0.2072611503037852 0.08264402070331371 0.20438846941406066 
G000956315.fna 0.2069268044982986 0.0047326107396495724 0.09298762001605948 0.14719272220393045 0.1437664932312538 0.2048990525362286 0.20502375794947925 0.2000082048198519 0.19711669213678262 0.12851193892454915 0.1519650245017105 0.15137811496856768 0.20499474843980095 0.20340934063069382 0.2075142948452749 0.20683976228382 0.2075425046002854 0.2083540591878379 0.2034080433914782 0.20391508513707443 0.20669746838233993 0.20598899655158265 0.20736802740169608 0.20521824932610905 0.2014152897053182 0.20404712576036396 0.20308078220496428 0.21020197362511 0.14716663573312777 0.04950440521349938 0.14934510196250805 0.09563930786110972 0.12563106612821012 0.03172208291561519 0.04765841974902655 0.203085588541217 0.20028518011339447 0.2013008674570408 0.0 0.022234478438618387 0.01988479022534258 0.2032755974565832 0.11947979758307752 
G001598195.fna 0.21310957131937558 0.019047028442842194 0.10379366263813082 0.15492859583069404 0.15274561191270852 0.21185398869859845 0.21229656145561848 0.21151959665960168 0.20604021133053704 0.13868385612786033 0.15181748262319 0.15331015480886634 0.211039767513155 0.2130147975072325 0.2120610069771696 0.2131687111987132 0.21253216133999053 0.21261835159935594 0.2130360493502183 0.21395474999816647 0.21366165151365576 0.21242178616156754 0.21187269953553856 0.2122175628189213 0.2088638953725011 0.21204005209459664 0.21141262701041513 0.21646014154639698 0.15467740976599592 0.04738504567957241 0.15660058171060526 0.1050663042464837 0.13253843970342696 0.03186688619783358 0.04812444153804246 0.20699009102052582 0.20873992858680612 0.2100227514664041 0.022234478438618387 0.0 0.014739769440244962 0.20759429453670405 0.12826783277265733 
G001660005.fna 0.21138026918081348 0.017067789705808994 0.10042114489488443 0.15147189105290715 0.14936600311995796 0.21159779097431414 0.20904305316750166 0.20763260121451965 0.20468430581911412 0.1359874570970314 0.15454230330772387 0.1543771287126191 0.21075391398420207 0.20976842916125185 0.21334631901681755 0.21061149097214402 0.21242689065033016 0.2133544029607995 0.2113106183925727 0.2093979100155322 0.21115851520484374 0.20966588144670728 0.21254330071518718 0.21029725895193987 0.20962799762597656 0.21081616807951287 0.21101317250472573 0.21396231296510534 0.1513572924990705 0.04438884395759866 0.15253072819536517 0.10219294296935434 0.12963106766510413 0.029649557441325837 0.045798759117921924 0.21044758317135098 0.20695237345332973 0.2072611503037852 0.01988479022534258 0.014739769440244962 0.0 0.208749023658652 0.12538277867148487 
G001922545.fna 0.0909733213203673 0.20522674431108304 0.20280237230463866 0.2080493299347131 0.20439030731758956 0.08534194391259425 0.09202655978245376 0.03841035569744222 0.0782311869155982 0.20935060964598606 0.21386393713194968 0.2080837386937403 0.028864650654103652 0.0279404242634447 0.03048041704005147 0.02826380874038765 0.026475451452805915 0.02929958105158096 0.026720201534196325 0.027779247130426468 0.027597367413488505 0.027160285429721088 0.014910647899422896 0.01815284506866209 0.031175311614700385 0.027193696737654628 0.026822855727776644 0.09381375255572807 0.20805553562929963 0.2079162979343004 0.20820558373183523 0.20397704940652822 0.2147644424521486 0.2064831378076969 0.2069097096175561 0.03425594145233137 0.026555899738067816 0.08264402070331371 0.2032755974565832 0.20759429453670405 0.208749023658652 0.0 0.20536114016805998 
G001936255.fna 0.2078957372871951 0.12174231826102283 0.12102914024775716 0.15967075630151356 0.1563154600646715 0.21000532307377603 0.2098911356277912 0.20338682689481602 0.20151316241921596 0.14441102988533538 0.16602357967983822 0.16382857210277446 0.20765973131824372 0.20934906604872233 0.2095761623547498 0.20723071414912278 0.21067479725305022 0.2111194223852549 0.2075539192573745 0.20784151119684294 0.2105805527945087 0.20885323028795655 0.20942330802532616 0.20525501359038795 0.20526982405422697 0.2035168611576236 0.20771555714562212 0.215027428058258 0.1620320265105834 0.12517720367443744 0.16278831830322787 0.1224397165559669 0.14463857707956623 0.1246809795954795 0.1237964513706564 0.20728769747047193 0.2028286333230333 0.20438846941406066 0.11947979758307752 0.12826783277265733 0.12538277867148487 0.20536114016805998 0.0 
