sample	G000008685	G000012065	G000012085	G000019685	G000019705	G000181895	G000222305	G000300045	G000304735	G000445425	G000500045	G000500065	G000500975	G000501015	G000501155	G000501215	G000501235	G000501275	G000501595	G000501615	G000501675	G000501695	G000501735	G000501755	G000501875	G000501895	G000501915	G000502095	G000523535	G000568675	G000568715	G000568735	G000568755	G000568775	G000568795	G000691545	G000714705	G000739475	G000956315	G001598195	G001660005	G001922545	G001936255
G000008685	0.0	0.17577633459464348	0.17276165040318747	0.1745304529222208	0.17432819842717817	0.07738521478077476	0.05107117778986692	0.07209914764817382	0.07129590497270022	0.178218935331392	0.18331149045246675	0.17556471639782867	0.07655358675550472	0.07560192837356527	0.07684546315125895	0.07561440798606034	0.07486917945071903	0.07653423528825065	0.0741965540877817	0.07515016852118239	0.07459698992184827	0.07396018238273394	0.07409585278228747	0.07670239072363194	0.07697616146595976	0.0745909711084829	0.07455488527960641	0.010384515454328613	0.17295265378610025	0.1753547194971926	0.17432819842717817	0.17620453797809976	0.18168135030397525	0.17642117627437204	0.1753547194971926	0.07209914764817382	0.07281296571912643	0.07355706386131045	0.1749394900626572	0.1773052906145417	0.1773052906145417	0.07305121196844144	0.1753547194971926
G000012065	0.17577633459464348	0.0	0.07853817284755027	0.12472092505054588	0.12246368056143031	0.17238357846784702	0.17392810604572706	0.16853505965765858	0.16869882182710327	0.11089601490174938	0.125068367464087	0.1258478839808308	0.17109979570532063	0.17238357846784702	0.171279568592972	0.17295265378610025	0.1735337594722245	0.17333868898960092	0.17276165040318747	0.17276165040318747	0.17373022502183444	0.17238357846784702	0.17295265378610025	0.171279568592972	0.16919601735379686	0.17276165040318747	0.17276165040318747	0.17708157002767821	0.12538470435117166	0.03495642312909675	0.12713342621586543	0.0809575122864139	0.10517844525057951	0.019173037351329913	0.034566919407265084	0.16853505965765858	0.1718260384060959	0.17257196473927572	0.0026336513129331385	0.004561714039649112	0.004598046240583131	0.17164267391763133	0.10235934638238642
G000012085	0.17276165040318747	0.07853817284755027	0.0	0.12310935772342824	0.12088001963495032	0.171279568592972	0.17257196473927572	0.16588999734008647	0.16902928866424327	0.10893474943204007	0.1235038483166111	0.12255961176923413	0.16804951852503003	0.16953252701278054	0.16902928866424327	0.170045114455863	0.1702181160447812	0.170045114455863	0.1702181160447812	0.16953252701278054	0.17074373172604929	0.17092118849713134	0.17092118849713134	0.16936375927744107	0.1682104193809394	0.16919601735379686	0.16886356086232746	0.1759895997090548	0.12376988550187895	0.08299650297889849	0.12510334424027025	0.022969335526044077	0.09877714210729704	0.08294795132518029	0.08187686917293246	0.16588999734008647	0.16869882182710327	0.16788954902778874	0.07642482708408427	0.08300460297171652	0.08283498490177621	0.16953252701278054	0.10162191972909995
G000019685	0.1745304529222208	0.12472092505054588	0.12310935772342824	0.0	0.011540174461329156	0.17164267391763133	0.17432819842717817	0.17577633459464348	0.1773052906145417	0.14121826854181152	0.10445170695444417	0.04015020362105448	0.1721964736441023	0.17238357846784702	0.17708157002767821	0.17333868898960092	0.17333868898960092	0.1741274234048088	0.17276165040318747	0.17238357846784702	0.17276165040318747	0.17620453797809976	0.1735337594722245	0.1741274234048088	0.1753547194971926	0.17577633459464348	0.1766395421267748	0.178218935331392	0.013825176971125397	0.12650181701674623	0.018809915305146863	0.12472092505054588	0.13499589173931859	0.12739760173736814	0.12624573444737508	0.17577633459464348	0.17577633459464348	0.1759895997090548	0.12420752395775414	0.12724634618312447	0.12720865672816684	0.17333868898960092	0.13392799850344206
G000019705	0.17432819842717817	0.12246368056143031	0.12088001963495032	0.011540174461329156	0.0	0.16953252701278054	0.17333868898960092	0.1721964736441023	0.17314499360718627	0.13851899981226223	0.10140585520360035	0.04158075588274446	0.16970233337439367	0.1721964736441023	0.17314499360718627	0.1718260384060959	0.17238357846784702	0.17333868898960092	0.17201063269440675	0.17164267391763133	0.17257196473927572	0.1745304529222208	0.17238357846784702	0.17092118849713134	0.1718260384060959	0.17314499360718627	0.17392810604572706	0.1768596637421287	0.014729306320797275	0.12524367934754443	0.019923417889829875	0.12327307073057225	0.13350240189436835	0.12574033051426659	0.12420752395775414	0.1721964736441023	0.17276165040318747	0.17333868898960092	0.12109228713692877	0.12549092997880074	0.12542006920150417	0.17164267391763133	0.13164005309189497
G000181895	0.07738521478077476	0.17238357846784702	0.171279568592972	0.17164267391763133	0.16953252701278054	0.0	0.07788808686986082	0.06827238826372828	0.053907118655224795	0.1749394900626572	0.18168135030397525	0.17146052270908962	0.07253195830159631	0.07044760238402858	0.07229807418648082	0.07101908559894154	0.06953887411798687	0.07203864588268816	0.06995891378449537	0.07027687256389858	0.07002528200433245	0.06952883063311432	0.06979621778697864	0.07294885808798546	0.07349333077413045	0.07057764398098154	0.07116780060075911	0.08149786681995497	0.1698731914198408	0.1745304529222208	0.16919601735379686	0.17109979570532063	0.18141890931546312	0.17556471639782867	0.17392810604572706	0.06826279321269668	0.06910036280384291	0.07018418688436923	0.17146052270908962	0.1749394900626572	0.17514631886777565	0.06958914609991851	0.17392810604572706
G000222305	0.05107117778986692	0.17392810604572706	0.17257196473927572	0.17432819842717817	0.17333868898960092	0.07788808686986082	0.0	0.07236469885094654	0.07228144279780702	0.17845219899794473	0.1844552421527602	0.17642117627437204	0.07719314553609002	0.07597874365660429	0.07817365249636965	0.07692380948810329	0.07536586091357744	0.0772195603112289	0.07520547453518767	0.07612453655155627	0.07552094545790344	0.07515016852118239	0.0747115930110247	0.07757859896697028	0.07796938320887814	0.07565188004742696	0.07582112416150133	0.05625821271904052	0.17276165040318747	0.17708157002767821	0.1741274234048088	0.17473420919524163	0.17892478797833045	0.1759895997090548	0.1766395421267748	0.07235914072799365	0.07359188852759035	0.07427380543832907	0.1718260384060959	0.1768596637421287	0.17642117627437204	0.07362675650164574	0.17753085588215212
G000300045	0.07209914764817382	0.16853505965765858	0.16588999734008647	0.17577633459464348	0.1721964736441023	0.06827238826372828	0.07236469885094654	0.0	0.05672763664383618	0.1745304529222208	0.17845219899794473	0.17514631886777565	0.026088889153757622	0.025232518311941177	0.02797342755592458	0.02641565522419176	0.025763838589886956	0.02719367730395783	0.025118976242886615	0.025877619827772702	0.025156200836940035	0.02514709516103908	0.02517525323532588	0.02667889298927706	0.027758127840165403	0.024959277576082184	0.025322476995107812	0.07565813024241308	0.1749394900626572	0.17257196473927572	0.17620453797809976	0.16725876991087307	0.178218935331392	0.17201063269440675	0.17164267391763133	1.5979479447092437e-05	0.02251403483786263	0.060949154884547	0.1675723607907451	0.17314499360718627	0.17314499360718627	0.023516929551628096	0.17092118849713134
G000304735	0.07129590497270022	0.16869882182710327	0.16902928866424327	0.1773052906145417	0.17314499360718627	0.053907118655224795	0.07228144279780702	0.05672763664383618	0.0	0.17276165040318747	0.18014334273862942	0.1759895997090548	0.06371439837766024	0.0634554589432319	0.0657300374629709	0.06425634563936988	0.06351189227589715	0.06501737420883869	0.06310338564674356	0.06356035682161654	0.06327885371191022	0.0629764788292233	0.06283441229557374	0.06432692966869136	0.06531314838358504	0.06257976735147053	0.06283441229557374	0.07432741192236736	0.1768596637421287	0.1721964736441023	0.17642117627437204	0.16886356086232746	0.18039372454331148	0.171279568592972	0.171279568592972	0.056733910242359076	0.06048683434160085	0.06154309497317967	0.16804951852503003	0.17201063269440675	0.1718260384060959	0.06126677603044972	0.171279568592972
G000445425	0.178218935331392	0.11089601490174938	0.10893474943204007	0.14121826854181152	0.13851899981226223	0.1749394900626572	0.17845219899794473	0.1745304529222208	0.17276165040318747	0.0	0.14140355380252567	0.14247700921713735	0.17708157002767821	0.1779876458729147	0.1768596637421287	0.1773052906145417	0.17868747139862406	0.17892478797833045	0.17775829698374046	0.1779876458729147	0.178218935331392	0.17775829698374046	0.1779876458729147	0.1766395421267748	0.17577633459464348	0.1773052906145417	0.17708157002767821	0.18014334273862942	0.14177779625794862	0.1140058822838822	0.14228459757007206	0.1109173856256005	0.1282440919176605	0.11502302854483226	0.11293156070495436	0.17432819842717817	0.1773052906145417	0.17164267391763133	0.10899468824010539	0.1143891460235289	0.11429285127049027	0.1768596637421287	0.12255961176923413
G000500045	0.18331149045246675	0.125068367464087	0.1235038483166111	0.10445170695444417	0.10140585520360035	0.18168135030397525	0.1844552421527602	0.17845219899794473	0.18014334273862942	0.14140355380252567	0.0	0.10342776656425257	0.17964937172669404	0.18168135030397525	0.18141890931546312	0.18115897366472666	0.18115897366472666	0.18359294389370384	0.18168135030397525	0.18039372454331148	0.18168135030397525	0.18168135030397525	0.18248420820599642	0.18064642733961156	0.18014334273862942	0.18090149524762822	0.18039372454331148	0.1856493351152405	0.10472640614460482	0.12875631037814894	0.10516092757601214	0.12489412035102787	0.1378550772344701	0.12801073881277092	0.1282440919176605	0.17868747139862406	0.18039372454331148	0.18039372454331148	0.1244459686737237	0.12705839269615404	0.12705839269615404	0.18168135030397525	0.1378550772344701
G000500065	0.17556471639782867	0.1258478839808308	0.12255961176923413	0.04015020362105448	0.04158075588274446	0.17146052270908962	0.17642117627437204	0.17514631886777565	0.1759895997090548	0.14247700921713735	0.10342776656425257	0.0	0.17276165040318747	0.17333868898960092	0.1759895997090548	0.17373022502183444	0.1741274234048088	0.1753547194971926	0.17238357846784702	0.17257196473927572	0.17333868898960092	0.17514631886777565	0.17201063269440675	0.17333868898960092	0.1753547194971926	0.17514631886777565	0.17556471639782867	0.1779876458729147	0.039908555502258136	0.1269462095097379	0.03934879790130419	0.12376988550187895	0.13474965273114503	0.12739760173736814	0.12642841684860384	0.17514631886777565	0.17514631886777565	0.1766395421267748	0.12468641108437639	0.1279720308217671	0.12785621974613215	0.17276165040318747	0.13574763728527395
G000500975	0.07655358675550472	0.17109979570532063	0.16804951852503003	0.1721964736441023	0.16970233337439367	0.07253195830159631	0.07719314553609002	0.026088889153757622	0.06371439837766024	0.17708157002767821	0.17964937172669404	0.17276165040318747	0.0	0.013783243286148883	0.016521454221585352	0.008365739679086381	0.005647057135712896	0.015370920083455752	0.013527719696574625	0.007260719488032308	0.013700138222153768	0.014594968441896672	0.017005073805246296	0.01815057783979035	0.016493202655736172	0.014945738940815745	0.015602697994063885	0.07942408899474585	0.17164267391763133	0.1753547194971926	0.17373022502183444	0.16919601735379686	0.18014334273862942	0.1745304529222208	0.17333868898960092	0.026088889153757622	0.01678842454804419	0.06673717253602907	0.16953252701278054	0.17556471639782867	0.17577633459464348	0.015702786552081904	0.1721964736441023
G000501015	0.07560192837356527	0.17238357846784702	0.16953252701278054	0.17238357846784702	0.1721964736441023	0.07044760238402858	0.07597874365660429	0.025232518311941177	0.0634554589432319	0.1779876458729147	0.18168135030397525	0.17333868898960092	0.013783243286148883	0.0	0.014064985243939732	0.012579877056093869	0.011912225371053964	0.005977321478825792	0.004495252978461317	0.012308712587508541	0.004115264674758645	0.011004012442000555	0.014482132516390744	0.017383721510386696	0.014628217873321248	0.014344684631664939	0.014905183918410225	0.07909037960139642	0.17201063269440675	0.17514631886777565	0.17295265378610025	0.17056741044833645	0.17964937172669404	0.1745304529222208	0.17432819842717817	0.025232518311941177	0.015452423320375552	0.0665607225385274	0.1703922100111015	0.1759895997090548	0.17620453797809976	0.014558983576072881	0.17373022502183444
G000501155	0.07684546315125895	0.171279568592972	0.16902928866424327	0.17708157002767821	0.17314499360718627	0.07229807418648082	0.07817365249636965	0.02797342755592458	0.0657300374629709	0.1768596637421287	0.18141890931546312	0.1759895997090548	0.016521454221585352	0.014064985243939732	0.0	0.01685607450474258	0.015886044491222107	0.015703785398847314	0.013307684646851947	0.01610242344459334	0.013641285963817973	0.004774750263246141	0.0180167625875014	0.019769758324291287	0.008135845084528137	0.016727920769154525	0.017545020297532465	0.07987039813610275	0.17577633459464348	0.17577633459464348	0.1773052906145417	0.170045114455863	0.18090149524762822	0.1749394900626572	0.17392810604572706	0.027969631286476226	0.017576122153596052	0.06841189159113392	0.1703922100111015	0.17642117627437204	0.17642117627437204	0.017491275687441687	0.17238357846784702
G000501215	0.07561440798606034	0.17295265378610025	0.170045114455863	0.17333868898960092	0.1718260384060959	0.07101908559894154	0.07692380948810329	0.02641565522419176	0.06425634563936988	0.1773052906145417	0.18115897366472666	0.17373022502183444	0.008365739679086381	0.012579877056093869	0.01685607450474258	0.0	0.005194434094647038	0.013924187764361218	0.012610107936262382	0.0041063380856459775	0.01233517447713206	0.013731642074434003	0.015994402929424445	0.018465562369421984	0.017067080777956267	0.014626342912954504	0.015338623116642025	0.07898469871036129	0.17257196473927572	0.17642117627437204	0.17432819842717817	0.17146052270908962	0.1798952390351396	0.17432819842717817	0.17577633459464348	0.02641213277717358	0.016234798472572476	0.06694675587579513	0.17074373172604929	0.1759895997090548	0.17577633459464348	0.01510218773205707	0.1735337594722245
G000501235	0.07486917945071903	0.1735337594722245	0.1702181160447812	0.17333868898960092	0.17238357846784702	0.06953887411798687	0.07536586091357744	0.025763838589886956	0.06351189227589715	0.17868747139862406	0.18115897366472666	0.1741274234048088	0.005647057135712896	0.011912225371053964	0.015886044491222107	0.005194434094647038	0.0	0.013526403775539597	0.011802715553208554	0.004095360156172956	0.011684575388688834	0.01266907691374819	0.014410259339104892	0.0172686182552525	0.01622758933236701	0.013854683641918664	0.014450562996195071	0.07862136176192858	0.17295265378610025	0.17577633459464348	0.1741274234048088	0.17146052270908962	0.18039372454331148	0.17514631886777565	0.17473420919524163	0.025764691725772004	0.01553728488158368	0.0661711312568638	0.17201063269440675	0.1766395421267748	0.1766395421267748	0.013569885077454491	0.17392810604572706
G000501275	0.07653423528825065	0.17333868898960092	0.170045114455863	0.1741274234048088	0.17333868898960092	0.07203864588268816	0.0772195603112289	0.02719367730395783	0.06501737420883869	0.17892478797833045	0.18359294389370384	0.1753547194971926	0.015370920083455752	0.005977321478825792	0.015703785398847314	0.013924187764361218	0.013526403775539597	0.0	0.006163485832241911	0.013621862375661542	0.005929864291586706	0.012332729998937086	0.01619672691132168	0.01901283245088836	0.015675341026147982	0.015871917009162795	0.016578620225504936	0.07971844084256419	0.17392810604572706	0.1753547194971926	0.17514631886777565	0.17201063269440675	0.18115897366472666	0.1745304529222208	0.17514631886777565	0.027192762902982115	0.017006688610413545	0.06836852216990363	0.17092118849713134	0.17577633459464348	0.17620453797809976	0.016199296682804953	0.17577633459464348
G000501595	0.0741965540877817	0.17276165040318747	0.1702181160447812	0.17276165040318747	0.17201063269440675	0.06995891378449537	0.07520547453518767	0.025118976242886615	0.06310338564674356	0.17775829698374046	0.18168135030397525	0.17238357846784702	0.013527719696574625	0.004495252978461317	0.013307684646851947	0.012610107936262382	0.011802715553208554	0.006163485832241911	0.0	0.012087753243632315	0.004377841168048624	0.010482961437327187	0.013628040115580164	0.016123392294658423	0.014007980454952884	0.01391610128799381	0.013776561604250337	0.077685862986139	0.17109979570532063	0.1753547194971926	0.17257196473927572	0.17074373172604929	0.1798952390351396	0.17473420919524163	0.1745304529222208	0.025118976242886615	0.015139835526619683	0.06614002328399471	0.17146052270908962	0.17620453797809976	0.1759895997090548	0.013425394307419736	0.17432819842717817
G000501615	0.07515016852118239	0.17276165040318747	0.16953252701278054	0.17238357846784702	0.17164267391763133	0.07027687256389858	0.07612453655155627	0.025877619827772702	0.06356035682161654	0.1779876458729147	0.18039372454331148	0.17257196473927572	0.007260719488032308	0.012308712587508541	0.01610242344459334	0.0041063380856459775	0.004095360156172956	0.013621862375661542	0.012087753243632315	0.0	0.012096982343993257	0.013128632827327347	0.015194525188367725	0.01751231094116057	0.016270373055993215	0.01385110426302083	0.014650264364441612	0.07853125146185236	0.171279568592972	0.17556471639782867	0.17295265378610025	0.17056741044833645	0.1798952390351396	0.1749394900626572	0.17473420919524163	0.02587847773136931	0.015623563775373661	0.06631825880206443	0.171279568592972	0.17620453797809976	0.17620453797809976	0.014360362168569951	0.17373022502183444
G000501675	0.07459698992184827	0.17373022502183444	0.17074373172604929	0.17276165040318747	0.17257196473927572	0.07002528200433245	0.07552094545790344	0.025156200836940035	0.06327885371191022	0.178218935331392	0.18168135030397525	0.17333868898960092	0.013700138222153768	0.004115264674758645	0.013641285963817973	0.01233517447713206	0.011684575388688834	0.005929864291586706	0.004377841168048624	0.012096982343993257	0.0	0.010455130059546125	0.014331324252023325	0.017373276613432576	0.014301417416310302	0.013917897940717738	0.014531929035584978	0.07792870582035483	0.17238357846784702	0.17577633459464348	0.17314499360718627	0.171279568592972	0.17964937172669404	0.17556471639782867	0.1753547194971926	0.02515454495451286	0.015110868267539712	0.06642126942478221	0.17276165040318747	0.17708157002767821	0.17708157002767821	0.014343762882404576	0.1749394900626572
G000501695	0.07396018238273394	0.17238357846784702	0.17092118849713134	0.17620453797809976	0.1745304529222208	0.06952883063311432	0.07515016852118239	0.02514709516103908	0.0629764788292233	0.17775829698374046	0.18168135030397525	0.17514631886777565	0.014594968441896672	0.011004012442000555	0.004774750263246141	0.013731642074434003	0.01266907691374819	0.012332729998937086	0.010482961437327187	0.013128632827327347	0.010455130059546125	0.0	0.014605732168157748	0.01780099541441349	0.006444621355488733	0.014069064529715125	0.014990222728391567	0.077685862986139	0.1749394900626572	0.17556471639782867	0.17577633459464348	0.17146052270908962	0.18014334273862942	0.17392810604572706	0.1749394900626572	0.025139648111202728	0.01458421162136192	0.06588801701728897	0.17146052270908962	0.17556471639782867	0.1753547194971926	0.01435621079801841	0.17373022502183444
G000501735	0.07409585278228747	0.17295265378610025	0.17092118849713134	0.1735337594722245	0.17238357846784702	0.06979621778697864	0.0747115930110247	0.02517525323532588	0.06283441229557374	0.1779876458729147	0.18248420820599642	0.17201063269440675	0.017005073805246296	0.014482132516390744	0.0180167625875014	0.015994402929424445	0.014410259339104892	0.01619672691132168	0.013628040115580164	0.015194525188367725	0.014331324252023325	0.014605732168157748	0.0	0.004458034235162001	0.018638102570079917	0.015705283777999735	0.015103152016493482	0.07813268043943455	0.1721964736441023	0.17577633459464348	0.17295265378610025	0.1718260384060959	0.1798952390351396	0.17514631886777565	0.1745304529222208	0.025177739654303588	0.01351938731531821	0.06646168309978562	0.17164267391763133	0.17642117627437204	0.17620453797809976	0.0018584063504932802	0.17295265378610025
G000501755	0.07670239072363194	0.171279568592972	0.16936375927744107	0.1741274234048088	0.17092118849713134	0.07294885808798546	0.07757859896697028	0.02667889298927706	0.06432692966869136	0.1766395421267748	0.18064642733961156	0.17333868898960092	0.01815057783979035	0.017383721510386696	0.019769758324291287	0.018465562369421984	0.0172686182552525	0.01901283245088836	0.016123392294658423	0.01751231094116057	0.017373276613432576	0.01780099541441349	0.004458034235162001	0.0	0.02027837027055701	0.01804641337752	0.016952941397087917	0.08020612907359748	0.17201063269440675	0.1749394900626572	0.17392810604572706	0.170045114455863	0.18014334273862942	0.17473420919524163	0.17373022502183444	0.026686030214275624	0.01571227794410568	0.06800497668720851	0.1698731914198408	0.17556471639782867	0.17556471639782867	0.00512812389717443	0.17146052270908962
G000501875	0.07697616146595976	0.16919601735379686	0.1682104193809394	0.1753547194971926	0.1718260384060959	0.07349333077413045	0.07796938320887814	0.027758127840165403	0.06531314838358504	0.17577633459464348	0.18014334273862942	0.1753547194971926	0.016493202655736172	0.014628217873321248	0.008135845084528137	0.017067080777956267	0.01622758933236701	0.015675341026147982	0.014007980454952884	0.016270373055993215	0.014301417416310302	0.006444621355488733	0.018638102570079917	0.02027837027055701	0.0	0.017113594091974438	0.01771115405228063	0.07939553470604066	0.17473420919524163	0.17257196473927572	0.1759895997090548	0.16869882182710327	0.17964937172669404	0.171279568592972	0.17146052270908962	0.02775718839173591	0.01747689746602521	0.06802399201977694	0.1682104193809394	0.17295265378610025	0.17295265378610025	0.017898080684172535	0.17092118849713134
G000501895	0.0745909711084829	0.17276165040318747	0.16919601735379686	0.17577633459464348	0.17314499360718627	0.07057764398098154	0.07565188004742696	0.024959277576082184	0.06257976735147053	0.1773052906145417	0.18090149524762822	0.17514631886777565	0.014945738940815745	0.014344684631664939	0.016727920769154525	0.014626342912954504	0.013854683641918664	0.015871917009162795	0.01391610128799381	0.01385110426302083	0.013917897940717738	0.014069064529715125	0.015705283777999735	0.01804641337752	0.017113594091974438	0.0	0.013644819995611623	0.0779829553529896	0.1745304529222208	0.1749394900626572	0.1759895997090548	0.170045114455863	0.18039372454331148	0.17392810604572706	0.1745304529222208	0.0249568179044104	0.015221693452871832	0.06558166418434286	0.170045114455863	0.1753547194971926	0.1753547194971926	0.01420424672993903	0.17392810604572706
G000501915	0.07455488527960641	0.17276165040318747	0.16886356086232746	0.1766395421267748	0.17392810604572706	0.07116780060075911	0.07582112416150133	0.025322476995107812	0.06283441229557374	0.17708157002767821	0.18039372454331148	0.17556471639782867	0.015602697994063885	0.014905183918410225	0.017545020297532465	0.015338623116642025	0.014450562996195071	0.016578620225504936	0.013776561604250337	0.014650264364441612	0.014531929035584978	0.014990222728391567	0.015103152016493482	0.016952941397087917	0.01771115405228063	0.013644819995611623	0.0	0.07788132271475667	0.1745304529222208	0.1753547194971926	0.1768596637421287	0.17056741044833645	0.17940570024810665	0.17432819842717817	0.17473420919524163	0.025325816479840224	0.015440123807508033	0.06601594207310957	0.1703922100111015	0.17556471639782867	0.17556471639782867	0.013737861229682347	0.17257196473927572
G000502095	0.010384515454328613	0.17708157002767821	0.1759895997090548	0.178218935331392	0.1768596637421287	0.08149786681995497	0.05625821271904052	0.07565813024241308	0.07432741192236736	0.18014334273862942	0.1856493351152405	0.1779876458729147	0.07942408899474585	0.07909037960139642	0.07987039813610275	0.07898469871036129	0.07862136176192858	0.07971844084256419	0.077685862986139	0.07853125146185236	0.07792870582035483	0.077685862986139	0.07813268043943455	0.08020612907359748	0.07939553470604066	0.0779829553529896	0.07788132271475667	0.0	0.17753085588215212	0.17845219899794473	0.1773052906145417	0.1768596637421287	0.18474887246031824	0.18039372454331148	0.1773052906145417	0.07565813024241308	0.07664406956576486	0.07773964805153566	0.17620453797809976	0.1798952390351396	0.1798952390351396	0.07699581851836035	0.1768596637421287
G000523535	0.17295265378610025	0.12538470435117166	0.12376988550187895	0.013825176971125397	0.014729306320797275	0.1698731914198408	0.17276165040318747	0.1749394900626572	0.1768596637421287	0.14177779625794862	0.10472640614460482	0.039908555502258136	0.17164267391763133	0.17201063269440675	0.17577633459464348	0.17257196473927572	0.17295265378610025	0.17392810604572706	0.17109979570532063	0.171279568592972	0.17238357846784702	0.1749394900626572	0.1721964736441023	0.17201063269440675	0.17473420919524163	0.1745304529222208	0.1745304529222208	0.17753085588215212	0.0	0.12724634618312447	0.018534029893752968	0.12577613686952516	0.1352442765719386	0.12816609608092355	0.12664918361362953	0.1749394900626572	0.17473420919524163	0.17577633459464348	0.1244459686737237	0.1276259929624738	0.12754966006411383	0.17164267391763133	0.1353442398439888
G000568675	0.1753547194971926	0.03495642312909675	0.08299650297889849	0.12650181701674623	0.12524367934754443	0.1745304529222208	0.17708157002767821	0.17257196473927572	0.1721964736441023	0.1140058822838822	0.12875631037814894	0.1269462095097379	0.1753547194971926	0.17514631886777565	0.17577633459464348	0.17642117627437204	0.17577633459464348	0.1753547194971926	0.1753547194971926	0.17556471639782867	0.17577633459464348	0.17556471639782867	0.17577633459464348	0.1749394900626572	0.17257196473927572	0.1749394900626572	0.1753547194971926	0.17845219899794473	0.12724634618312447	0.0	0.12939958121774386	0.083511353155865	0.10551331738276859	0.03445301776056797	0.0027692380894640545	0.17257196473927572	0.17392810604572706	0.17642117627437204	0.03579924572893589	0.03237184648047653	0.03263282585004723	0.17432819842717817	0.10402765646398626
G000568715	0.17432819842717817	0.12713342621586543	0.12510334424027025	0.018809915305146863	0.019923417889829875	0.16919601735379686	0.1741274234048088	0.17620453797809976	0.17642117627437204	0.14228459757007206	0.10516092757601214	0.03934879790130419	0.17373022502183444	0.17295265378610025	0.1773052906145417	0.17432819842717817	0.1741274234048088	0.17514631886777565	0.17257196473927572	0.17295265378610025	0.17314499360718627	0.17577633459464348	0.17295265378610025	0.17392810604572706	0.1759895997090548	0.1759895997090548	0.1768596637421287	0.1773052906145417	0.018534029893752968	0.12939958121774386	0.0	0.12657540561235636	0.13626005256370277	0.12968562403664907	0.12847936227907242	0.17620453797809976	0.17642117627437204	0.17620453797809976	0.12668614394917332	0.1296445852728254	0.1296036052919708	0.1735337594722245	0.13605397884888437
G000568735	0.17620453797809976	0.0809575122864139	0.022969335526044077	0.12472092505054588	0.12327307073057225	0.17109979570532063	0.17473420919524163	0.16725876991087307	0.16886356086232746	0.1109173856256005	0.12489412035102787	0.12376988550187895	0.16919601735379686	0.17056741044833645	0.170045114455863	0.17146052270908962	0.17146052270908962	0.17201063269440675	0.17074373172604929	0.17056741044833645	0.171279568592972	0.17146052270908962	0.1718260384060959	0.170045114455863	0.16869882182710327	0.170045114455863	0.17056741044833645	0.1768596637421287	0.12577613686952516	0.083511353155865	0.12657540561235636	0.0	0.09992247932750975	0.08458693148158891	0.0827385118544105	0.16725876991087307	0.1702181160447812	0.16886356086232746	0.07945267207866424	0.08462120542276852	0.08441617639057664	0.17056741044833645	0.10253469174455221
G000568755	0.18168135030397525	0.10517844525057951	0.09877714210729704	0.13499589173931859	0.13350240189436835	0.18141890931546312	0.17892478797833045	0.178218935331392	0.18039372454331148	0.1282440919176605	0.1378550772344701	0.13474965273114503	0.18014334273862942	0.17964937172669404	0.18090149524762822	0.1798952390351396	0.18039372454331148	0.18115897366472666	0.1798952390351396	0.1798952390351396	0.17964937172669404	0.18014334273862942	0.1798952390351396	0.18014334273862942	0.17964937172669404	0.18039372454331148	0.17940570024810665	0.18474887246031824	0.1352442765719386	0.10551331738276859	0.13626005256370277	0.09992247932750975	0.0	0.10711708315082291	0.10495154067164059	0.17845219899794473	0.17775829698374046	0.18303292269877824	0.10428133832908926	0.10648683840338913	0.10667078009712339	0.1791641851338034	0.12145986096797479
G000568775	0.17642117627437204	0.019173037351329913	0.08294795132518029	0.12739760173736814	0.12574033051426659	0.17556471639782867	0.1759895997090548	0.17201063269440675	0.171279568592972	0.11502302854483226	0.12801073881277092	0.12739760173736814	0.1745304529222208	0.1745304529222208	0.1749394900626572	0.17432819842717817	0.17514631886777565	0.1745304529222208	0.17473420919524163	0.1749394900626572	0.17556471639782867	0.17392810604572706	0.17514631886777565	0.17473420919524163	0.171279568592972	0.17392810604572706	0.17432819842717817	0.18039372454331148	0.12816609608092355	0.03445301776056797	0.12968562403664907	0.08458693148158891	0.10711708315082291	0.0	0.03449262650724716	0.17201063269440675	0.17333868898960092	0.17620453797809976	0.018747519827136294	0.0170271556282936	0.017056281279738905	0.1741274234048088	0.10428133832908926
G000568795	0.1753547194971926	0.034566919407265084	0.08187686917293246	0.12624573444737508	0.12420752395775414	0.17392810604572706	0.1766395421267748	0.17164267391763133	0.171279568592972	0.11293156070495436	0.1282440919176605	0.12642841684860384	0.17333868898960092	0.17432819842717817	0.17392810604572706	0.17577633459464348	0.17473420919524163	0.17514631886777565	0.1745304529222208	0.17473420919524163	0.1753547194971926	0.1749394900626572	0.1745304529222208	0.17373022502183444	0.17146052270908962	0.1745304529222208	0.17473420919524163	0.1773052906145417	0.12664918361362953	0.0027692380894640545	0.12847936227907242	0.0827385118544105	0.10495154067164059	0.03449262650724716	0.0	0.17164267391763133	0.17314499360718627	0.1745304529222208	0.03445301776056797	0.032835044875214936	0.03304870828666617	0.1735337594722245	0.10301839395511336
G000691545	0.07209914764817382	0.16853505965765858	0.16588999734008647	0.17577633459464348	0.1721964736441023	0.06826279321269668	0.07235914072799365	1.5979479447092437e-05	0.056733910242359076	0.17432819842717817	0.17868747139862406	0.17514631886777565	0.026088889153757622	0.025232518311941177	0.027969631286476226	0.02641213277717358	0.025764691725772004	0.027192762902982115	0.025118976242886615	0.02587847773136931	0.02515454495451286	0.025139648111202728	0.025177739654303588	0.026686030214275624	0.02775718839173591	0.0249568179044104	0.025325816479840224	0.07565813024241308	0.1749394900626572	0.17257196473927572	0.17620453797809976	0.16725876991087307	0.17845219899794473	0.17201063269440675	0.17164267391763133	0.0	0.022518383335615733	0.06095282679107994	0.1675723607907451	0.17314499360718627	0.17314499360718627	0.023513878774914176	0.17074373172604929
G000714705	0.07281296571912643	0.1718260384060959	0.16869882182710327	0.17577633459464348	0.17276165040318747	0.06910036280384291	0.07359188852759035	0.02251403483786263	0.06048683434160085	0.1773052906145417	0.18039372454331148	0.17514631886777565	0.01678842454804419	0.015452423320375552	0.017576122153596052	0.016234798472572476	0.01553728488158368	0.017006688610413545	0.015139835526619683	0.015623563775373661	0.015110868267539712	0.01458421162136192	0.01351938731531821	0.01571227794410568	0.01747689746602521	0.015221693452871832	0.015440123807508033	0.07664406956576486	0.17473420919524163	0.17392810604572706	0.17642117627437204	0.1702181160447812	0.17775829698374046	0.17333868898960092	0.17314499360718627	0.022518383335615733	0.0	0.06405802772906788	0.16953252701278054	0.17432819842717817	0.17432819842717817	0.011953140412485075	0.17295265378610025
G000739475	0.07355706386131045	0.17257196473927572	0.16788954902778874	0.1759895997090548	0.17333868898960092	0.07018418688436923	0.07427380543832907	0.060949154884547	0.06154309497317967	0.17164267391763133	0.18039372454331148	0.1766395421267748	0.06673717253602907	0.0665607225385274	0.06841189159113392	0.06694675587579513	0.0661711312568638	0.06836852216990363	0.06614002328399471	0.06631825880206443	0.06642126942478221	0.06588801701728897	0.06646168309978562	0.06800497668720851	0.06802399201977694	0.06558166418434286	0.06601594207310957	0.07773964805153566	0.17577633459464348	0.17642117627437204	0.17620453797809976	0.16886356086232746	0.18303292269877824	0.17620453797809976	0.1745304529222208	0.06095282679107994	0.06405802772906788	0.0	0.17074373172604929	0.17708157002767821	0.1768596637421287	0.06489825425940687	0.17164267391763133
G000956315	0.1749394900626572	0.0026336513129331385	0.07642482708408427	0.12420752395775414	0.12109228713692877	0.17146052270908962	0.1718260384060959	0.1675723607907451	0.16804951852503003	0.10899468824010539	0.1244459686737237	0.12468641108437639	0.16953252701278054	0.1703922100111015	0.1703922100111015	0.17074373172604929	0.17201063269440675	0.17092118849713134	0.17146052270908962	0.171279568592972	0.17276165040318747	0.17146052270908962	0.17164267391763133	0.1698731914198408	0.1682104193809394	0.170045114455863	0.1703922100111015	0.17620453797809976	0.1244459686737237	0.03579924572893589	0.12668614394917332	0.07945267207866424	0.10428133832908926	0.018747519827136294	0.03445301776056797	0.1675723607907451	0.16953252701278054	0.17074373172604929	0.0	0.007370215408834646	0.007241877395856355	0.16970233337439367	0.10060224944557417
G001598195	0.1773052906145417	0.004561714039649112	0.08300460297171652	0.12724634618312447	0.12549092997880074	0.1749394900626572	0.1768596637421287	0.17314499360718627	0.17201063269440675	0.1143891460235289	0.12705839269615404	0.1279720308217671	0.17556471639782867	0.1759895997090548	0.17642117627437204	0.1759895997090548	0.1766395421267748	0.17577633459464348	0.17620453797809976	0.17620453797809976	0.17708157002767821	0.17556471639782867	0.17642117627437204	0.17556471639782867	0.17295265378610025	0.1753547194971926	0.17556471639782867	0.1798952390351396	0.1276259929624738	0.03237184648047653	0.1296445852728254	0.08462120542276852	0.10648683840338913	0.0170271556282936	0.032835044875214936	0.17314499360718627	0.17432819842717817	0.17708157002767821	0.007370215408834646	0.0	0.000498439714779364	0.17514631886777565	0.10567330749057524
G001660005	0.1773052906145417	0.004598046240583131	0.08283498490177621	0.12720865672816684	0.12542006920150417	0.17514631886777565	0.17642117627437204	0.17314499360718627	0.1718260384060959	0.11429285127049027	0.12705839269615404	0.12785621974613215	0.17577633459464348	0.17620453797809976	0.17642117627437204	0.17577633459464348	0.1766395421267748	0.17620453797809976	0.1759895997090548	0.17620453797809976	0.17708157002767821	0.1753547194971926	0.17620453797809976	0.17556471639782867	0.17295265378610025	0.1753547194971926	0.17556471639782867	0.1798952390351396	0.12754966006411383	0.03263282585004723	0.1296036052919708	0.08441617639057664	0.10667078009712339	0.017056281279738905	0.03304870828666617	0.17314499360718627	0.17432819842717817	0.1768596637421287	0.007241877395856355	0.000498439714779364	0.0	0.17473420919524163	0.1054601838326541
G001922545	0.07305121196844144	0.17164267391763133	0.16953252701278054	0.17333868898960092	0.17164267391763133	0.06958914609991851	0.07362675650164574	0.023516929551628096	0.06126677603044972	0.1768596637421287	0.18168135030397525	0.17276165040318747	0.015702786552081904	0.014558983576072881	0.017491275687441687	0.01510218773205707	0.013569885077454491	0.016199296682804953	0.013425394307419736	0.014360362168569951	0.014343762882404576	0.01435621079801841	0.0018584063504932802	0.00512812389717443	0.017898080684172535	0.01420424672993903	0.013737861229682347	0.07699581851836035	0.17164267391763133	0.17432819842717817	0.1735337594722245	0.17056741044833645	0.1791641851338034	0.1741274234048088	0.1735337594722245	0.023513878774914176	0.011953140412485075	0.06489825425940687	0.16970233337439367	0.17514631886777565	0.17473420919524163	0.0	0.1721964736441023
G001936255	0.1753547194971926	0.10235934638238642	0.10162191972909995	0.13392799850344206	0.13164005309189497	0.17392810604572706	0.17753085588215212	0.17092118849713134	0.171279568592972	0.12255961176923413	0.1378550772344701	0.13574763728527395	0.1721964736441023	0.17373022502183444	0.17238357846784702	0.1735337594722245	0.17392810604572706	0.17577633459464348	0.17432819842717817	0.17373022502183444	0.1749394900626572	0.17373022502183444	0.17295265378610025	0.17146052270908962	0.17092118849713134	0.17392810604572706	0.17257196473927572	0.1768596637421287	0.1353442398439888	0.10402765646398626	0.13605397884888437	0.10253469174455221	0.12145986096797479	0.10428133832908926	0.10301839395511336	0.17074373172604929	0.17295265378610025	0.17164267391763133	0.10060224944557417	0.10567330749057524	0.1054601838326541	0.1721964736441023	0.0
