38
G000164985.fna 0.0 0.24127100600069906 0.12843978766624017 0.12446235911481549 0.2400326023896096 0.28824299343612336 0.23766841068837902 0.24176059044814147 0.12280175728083227 0.09806848374358285 0.025010302668241807 0.12496717036295202 0.2460880814408853 0.26467877213878205 0.0979812698740775 0.2392307786233049 0.2385050514018033 0.2438294425722994 0.24280844468224577 0.24954236637954164 0.23638913052918392 0.25073444668872047 0.2438343318319707 0.2642538424349298 0.0967648494403868 0.2410493521980892 0.24421780421924227 0.2372579539009305 0.23948543369598455 0.1234290928590189 0.22218911938920072 0.25395086947783685 0.24266521677928254 0.2505933546994866 0.26728416944567673 0.09697023812372521 0.2518415849490892 0.248849716166811 
G000230915.fna 0.24127100600069906 0.0 0.2502685784585472 0.2531217773521349 0.26815264900427815 0.28230076164946805 0.2637166704808864 0.2549445950664938 0.2552083485889005 0.25551479180709086 0.24958964922013685 0.25287435775202866 0.2481325031131502 0.2622754872516246 0.2679833860698507 0.2428048950725838 0.24164579827005722 0.2410699938743845 0.2496172189973197 0.21669440171182983 0.2502200654522597 0.254386392539333 0.18148159600079766 0.18559736208217378 0.2752228231387399 0.2089728755946436 0.25395931621703466 0.24585928368880122 0.17534546151948627 0.2623943172132449 0.24729794307313915 0.273558928552186 0.267848803410367 0.27157380421549665 0.260609444349504 0.2664796653184526 0.26082816925653696 0.27013709142979864 
G000236805.fna 0.12843978766624017 0.2502685784585472 0.0 0.05738913088831882 0.24096136924791678 0.28671463501007155 0.2386992727688107 0.2479656841372423 0.09036215833567249 0.10753966648497398 0.12781634894452665 0.12553634404356706 0.24602649476679195 0.26821717346240664 0.1181511281781571 0.23064154754832725 0.2395142586717059 0.24888762171794898 0.25143312634265147 0.25106098881587313 0.24271143328570485 0.24974887313374555 0.24401378812065974 0.2629685674868016 0.11987793199424626 0.2422364685590484 0.2499980019974355 0.25087661726953553 0.24537314920897527 0.060203066484000735 0.24255248249992947 0.2592153241359845 0.26882191873452765 0.2594632340134699 0.2650687614809291 0.11833137889017749 0.25330877673519187 0.2574908420137972 
G000245715.fna 0.12446235911481549 0.2531217773521349 0.05738913088831882 0.0 0.22928693599679245 0.2913290241738936 0.24271493327915333 0.2526683404206961 0.08824912108815726 0.11353573280876073 0.12482798856107422 0.12266374438314726 0.2514171551348108 0.2720580091389206 0.11785205455058148 0.246272207081786 0.24827039117683544 0.2526807575419667 0.2545558266596018 0.2558932982827692 0.24469236326715102 0.24854179066240234 0.2498115519965064 0.2658489725379072 0.11866725961454208 0.2448298770497473 0.25224443303081245 0.250184226620477 0.2468522545764599 0.05330430620167518 0.2456216483173514 0.2612539650596843 0.2645793012144337 0.25918819110250096 0.2642273516884046 0.11667340884342473 0.2552341832852518 0.2583013400088061 
G000377505.fna 0.2400326023896096 0.26815264900427815 0.24096136924791678 0.22928693599679245 0.0 0.2915334362848877 0.04517544069568303 0.27533709769270664 0.24264490046487303 0.2447981074794868 0.23742706592484636 0.24552933046009404 0.27585404081346043 0.2909897315683166 0.24519854842943895 0.2558552436285508 0.2712967297575072 0.2722790895419711 0.27723097663988566 0.27328978429042555 0.28043470078144883 0.27646051174616243 0.262451794780548 0.26511015843090563 0.2449751205538201 0.26535571969840427 0.2761174925284524 0.2652789216725814 0.2641363574217702 0.24125900897488206 0.25992800659690385 0.2559518831507544 0.27193488803499544 0.2603998091167349 0.2711813214911483 0.2440115390386436 0.2546129736510214 0.2510297466993638 
G000378145.fna 0.28824299343612336 0.28230076164946805 0.28671463501007155 0.2913290241738936 0.2915334362848877 0.0 0.28882876482357966 0.29385078690403965 0.2890304861607076 0.2910983933140602 0.2911048462692337 0.29204844697698307 0.30257325340589347 0.18541737348820223 0.29191110491835576 0.2855783856163902 0.2837407010125321 0.2800798982292317 0.29383208052534454 0.28072286749308345 0.3040998074526856 0.2961188126405958 0.29057469856924734 0.29190418023358966 0.29928317564048557 0.2821383108141355 0.2705476988437223 0.2952800077690052 0.28790728907021873 0.28974415941219667 0.28806436589047163 0.29012486389885417 0.2919436488412582 0.291284171478117 0.281378377549665 0.28771906052289187 0.2843434787075322 0.292797396360574 
G000426545.fna 0.23766841068837902 0.2637166704808864 0.2386992727688107 0.24271493327915333 0.04517544069568303 0.28882876482357966 0.0 0.27891406336916197 0.24057086006230505 0.24150867500556167 0.23593143676014813 0.24474262810068861 0.27502031981910857 0.28990868809619474 0.2415029512772653 0.25301250032003714 0.268285456582119 0.27281576375716304 0.2720248213526576 0.27274802620268523 0.27721301393834485 0.2769732061110567 0.26435660877687717 0.26226599220638724 0.2435904719267057 0.2630896798064954 0.2736620230272724 0.26194990272247004 0.2619957320050894 0.2372379759286292 0.2606311131610084 0.2553336876189818 0.2693548777732001 0.2605677467291332 0.2701707790204091 0.24080603459475963 0.2528646645709746 0.25907703955970685 
G000520635.fna 0.24176059044814147 0.2549445950664938 0.2479656841372423 0.2526683404206961 0.27533709769270664 0.29385078690403965 0.27891406336916197 0.0 0.24071523472007583 0.2577460792475718 0.2463767779236574 0.2547775336540553 0.26241650343368783 0.2708693106980606 0.26754958088501 0.26563574307175775 0.07915146431525341 0.1903385277438264 0.22921166667914417 0.2522358847726095 0.2512660271092599 0.23103320866737329 0.25743693364170367 0.2693934237473957 0.27583686668060003 0.2577032792726872 0.27106887052521145 0.2644816786282753 0.25761224885100986 0.26395161547495616 0.26346100461092303 0.2859022459740217 0.227953741088533 0.28705990884485494 0.08932592934099884 0.26693494622675595 0.27482094161198434 0.286155240461228 
G000520755.fna 0.12280175728083227 0.2552083485889005 0.09036215833567249 0.08824912108815726 0.24264490046487303 0.2890304861607076 0.24057086006230505 0.24071523472007583 0.0 0.11621561140569583 0.1225860172047496 0.11916911030808178 0.25030035342576884 0.2755816059886607 0.11770411858074926 0.24435458809905447 0.21526685809951573 0.25501673157046667 0.2547660676929865 0.2553221510737364 0.2370898049945967 0.24734489766337459 0.24892933828635982 0.26453851282841767 0.11601340576763206 0.24958976844856082 0.2547079726336317 0.2438001925859624 0.24848612234017392 0.0884806980076279 0.24654134075620524 0.2576640467224512 0.25932173062284786 0.2604311472447878 0.2574270557006043 0.11702182194364649 0.25268770123583406 0.25833844510128023 
G000520775.fna 0.09806848374358285 0.25551479180709086 0.10753966648497398 0.11353573280876073 0.2447981074794868 0.2910983933140602 0.24150867500556167 0.2577460792475718 0.11621561140569583 0.0 0.09735259647203898 0.1065450696529403 0.2538491286623301 0.27520234682767636 0.033504058295370884 0.23556185295545162 0.24771589973121932 0.25603354053978256 0.2461999015391936 0.2572596712133529 0.23810989597018622 0.25422420494131825 0.2478996886616599 0.2618620287670401 0.04216291192970798 0.2494989340656558 0.25550490870967935 0.23882307967634175 0.24783781366267893 0.10977998868120561 0.23133462955088907 0.2546497651508173 0.26049253441451375 0.2496944282903268 0.2567526839740639 0.033623391716309625 0.25625768131764465 0.24931886902633302 
G000520795.fna 0.025010302668241807 0.24958964922013685 0.12781634894452665 0.12482798856107422 0.23742706592484636 0.2911048462692337 0.23593143676014813 0.2463767779236574 0.1225860172047496 0.09735259647203898 0.0 0.1260513125586045 0.2558940168757492 0.2749718797578342 0.09745356050631004 0.24676546737438537 0.2507474781481259 0.2556128926741412 0.2564411017165579 0.25753723632629494 0.2503274311587566 0.2572318753318322 0.25201346933630336 0.26597824663603364 0.09681850960373467 0.2476790931295998 0.2553039349203017 0.24307730436867542 0.24965022649859978 0.12339039838976448 0.23220232487609566 0.25736521878983215 0.2420133491870998 0.2554112017360235 0.2706868682698595 0.09766665776646827 0.25348445466539715 0.25515215101612704 
G000520815.fna 0.12496717036295202 0.25287435775202866 0.12553634404356706 0.12266374438314726 0.24552933046009404 0.29204844697698307 0.24474262810068861 0.2547775336540553 0.11916911030808178 0.1065450696529403 0.1260513125586045 0.0 0.24696424081299223 0.27189783965613606 0.10652362923823896 0.24560948698870463 0.2418601281461442 0.2520949919295893 0.2501372978773926 0.2547612530303822 0.23873935367960364 0.25330911832556335 0.24764046859271888 0.2602302212673535 0.10775416626417458 0.24778715111646865 0.253871485408666 0.24796295811690694 0.24758030776551104 0.11864306913862946 0.2260175505279352 0.253512178099946 0.26194297622943225 0.25819836325892975 0.26020412889260336 0.10544767546842343 0.2544306049922116 0.2576296904570643 
G000576305.fna 0.2460880814408853 0.2481325031131502 0.24602649476679195 0.2514171551348108 0.27585404081346043 0.30257325340589347 0.27502031981910857 0.26241650343368783 0.25030035342576884 0.2538491286623301 0.2558940168757492 0.24696424081299223 0.0 0.2702328361931142 0.26653380181522746 0.2500615677021182 0.24971852489515206 0.25096505898123256 0.23655529116373725 0.22888418332674199 0.2219357445689192 0.2287125946586014 0.23774154375337292 0.25214658415414726 0.2690645825234047 0.24123533366295258 0.25524728259502805 0.24831872450204812 0.2403615729389889 0.2602491455515734 0.23426233014160447 0.2691898841832949 0.26735785173227866 0.2570043361271025 0.26991144634563696 0.26546042281681 0.26211347785366834 0.254788004672323 
G000585395.fna 0.26467877213878205 0.2622754872516246 0.26821717346240664 0.2720580091389206 0.2909897315683166 0.18541737348820223 0.28990868809619474 0.2708693106980606 0.2755816059886607 0.27520234682767636 0.2749718797578342 0.27189783965613606 0.2702328361931142 0.0 0.2941691229450845 0.2692318371160527 0.2599239752637676 0.25577452868854 0.2668160464532417 0.261238586170795 0.2711343752499198 0.2721109646590343 0.2657087242245783 0.29015518407938923 0.30301417629276595 0.2668078803241416 0.2575141056300504 0.2705554702950234 0.26382546862194917 0.28389163229832004 0.26412631578360524 0.2881836654170851 0.2897848431568612 0.2934643100060336 0.2805906920065913 0.29033571152347826 0.2890457109976632 0.2908262546446987 
G000686825.fna 0.0979812698740775 0.2679833860698507 0.1181511281781571 0.11785205455058148 0.24519854842943895 0.29191110491835576 0.2415029512772653 0.26754958088501 0.11770411858074926 0.033504058295370884 0.09745356050631004 0.10652362923823896 0.26653380181522746 0.2941691229450845 0.0 0.25513460540067945 0.25896047086122964 0.2774012898149385 0.2542404227046 0.27135781543132703 0.24310636911517397 0.2642724848470144 0.2611861033680136 0.259079351335876 0.04387519614491879 0.26135612120582263 0.2694846185580629 0.2437566142173943 0.26079127809921104 0.11245174187947214 0.2374287597371897 0.2565149787449456 0.2630097510298989 0.24819687036235785 0.2593282441434562 0.014264393943749377 0.25454806186763956 0.24732560097403522 
G000732325.fna 0.2392307786233049 0.2428048950725838 0.23064154754832725 0.246272207081786 0.2558552436285508 0.2855783856163902 0.25301250032003714 0.26563574307175775 0.24435458809905447 0.23556185295545162 0.24676546737438537 0.24560948698870463 0.2500615677021182 0.2692318371160527 0.25513460540067945 0.0 0.2524646328112864 0.2018115283330032 0.2544018400364299 0.2420422199173566 0.25361132510616613 0.25772044982503395 0.24597542671360428 0.2563132526057148 0.2594776269516039 0.24071116145154153 0.25065953170392574 0.2420148835991548 0.24098526310469953 0.2502139967385616 0.23980415268334876 0.25159665841362977 0.27619610185133847 0.2545832336134995 0.2690483680653253 0.25431060847588954 0.10537466973416865 0.25134437603938425 
G000756615.fna 0.2385050514018033 0.24164579827005722 0.2395142586717059 0.24827039117683544 0.2712967297575072 0.2837407010125321 0.268285456582119 0.07915146431525341 0.21526685809951573 0.24771589973121932 0.2507474781481259 0.2418601281461442 0.24971852489515206 0.2599239752637676 0.25896047086122964 0.2524646328112864 0.0 0.1847617834121413 0.22520211474780893 0.24178393733860742 0.24396939203068452 0.22653578691688325 0.24772891926983304 0.2706175197336566 0.27386209909794823 0.2457665672121111 0.2512864396548427 0.2581722015380098 0.24211011793982334 0.253011820616345 0.2497502754129805 0.27901834217598775 0.22574435966739914 0.28168094273886934 0.08010710278952894 0.25556770318762195 0.26518467225825104 0.2789980190628405 
G000758685.fna 0.2438294425722994 0.2410699938743845 0.24888762171794898 0.2526807575419667 0.2722790895419711 0.2800798982292317 0.27281576375716304 0.1903385277438264 0.25501673157046667 0.25603354053978256 0.2556128926741412 0.2520949919295893 0.25096505898123256 0.25577452868854 0.2774012898149385 0.2018115283330032 0.1847617834121413 0.0 0.2299362923553212 0.2403931334593819 0.24829043396544148 0.23131237873377286 0.24618112648178236 0.27140347227710726 0.27581352815957355 0.2452875258520114 0.2502040137293204 0.2580551253443816 0.24001977447277628 0.2656437782072453 0.2509048651370428 0.27822099102765496 0.22049960311662764 0.2810931587837739 0.19269713922047127 0.27370497710052044 0.2662945178884681 0.27838341006947814 
G000758725.fna 0.24280844468224577 0.2496172189973197 0.25143312634265147 0.2545558266596018 0.27723097663988566 0.29383208052534454 0.2720248213526576 0.22921166667914417 0.2547660676929865 0.2461999015391936 0.2564411017165579 0.2501372978773926 0.23655529116373725 0.2668160464532417 0.2542404227046 0.2544018400364299 0.22520211474780893 0.2299362923553212 0.0 0.2532422271231252 0.22883124344703698 0.11543411526456268 0.24501695596920098 0.25817348380449334 0.27680824877553256 0.24620824617500636 0.252143665883964 0.24175423028027102 0.24330530921729776 0.26575084272626104 0.2411368699632203 0.2717757495476911 0.19825568007172384 0.24925074618054227 0.23658206746928398 0.25371359110521513 0.26265249732717355 0.24369635860396455 
G000787385.fna 0.24954236637954164 0.21669440171182983 0.25106098881587313 0.2558932982827692 0.27328978429042555 0.28072286749308345 0.27274802620268523 0.2522358847726095 0.2553221510737364 0.2572596712133529 0.25753723632629494 0.2547612530303822 0.22888418332674199 0.261238586170795 0.27135781543132703 0.2420422199173566 0.24178393733860742 0.2403931334593819 0.2532422271231252 0.0 0.2489585577186294 0.2546176785364821 0.2349579962752083 0.24946105626394682 0.27411879500864683 0.23558684308706968 0.2549508373289491 0.256998618618522 0.2351477091446662 0.26555326418357184 0.25102734327897797 0.27136233929831954 0.2664371546682278 0.27235244952761145 0.2540233433113614 0.26843369522237726 0.26015638241980343 0.2701033609094552 
G000949425.fna 0.23638913052918392 0.2502200654522597 0.24271143328570485 0.24469236326715102 0.28043470078144883 0.3040998074526856 0.27721301393834485 0.2512660271092599 0.2370898049945967 0.23810989597018622 0.2503274311587566 0.23873935367960364 0.2219357445689192 0.2711343752499198 0.24310636911517397 0.25361132510616613 0.24396939203068452 0.24829043396544148 0.22883124344703698 0.2489585577186294 0.0 0.2062361021891474 0.22860148019493176 0.23483849624714923 0.27057739731861846 0.2442466135791889 0.2503105316422798 0.24540160404019162 0.23909365231988736 0.24721651896134117 0.23984675004501332 0.28115577030614824 0.26214996082954567 0.25415182679912995 0.26385826287793823 0.2407654072519803 0.24795067019711592 0.253335352014696 
G001012825.fna 0.25073444668872047 0.254386392539333 0.24974887313374555 0.24854179066240234 0.27646051174616243 0.2961188126405958 0.2769732061110567 0.23103320866737329 0.24734489766337459 0.25422420494131825 0.2572318753318322 0.25330911832556335 0.2287125946586014 0.2721109646590343 0.2642724848470144 0.25772044982503395 0.22653578691688325 0.23131237873377286 0.11543411526456268 0.2546176785364821 0.2062361021891474 0.0 0.23686031491092036 0.24375142751604495 0.27764538384926885 0.2504664788989521 0.2547551524804 0.22865965172432512 0.24657579793620205 0.25843884779376497 0.2426157422438927 0.2748939867841132 0.20275949602006435 0.2571542893131569 0.2341316495544657 0.2626890347420661 0.2744162862463196 0.25461606122654024 
G001275645.fna 0.2438343318319707 0.18148159600079766 0.24401378812065974 0.2498115519965064 0.262451794780548 0.29057469856924734 0.26435660877687717 0.25743693364170367 0.24892933828635982 0.2478996886616599 0.25201346933630336 0.24764046859271888 0.23774154375337292 0.2657087242245783 0.2611861033680136 0.24597542671360428 0.24772891926983304 0.24618112648178236 0.24501695596920098 0.2349579962752083 0.22860148019493176 0.23686031491092036 0.0 0.03689472332448787 0.26817119618238044 0.2053138769520635 0.25130726922990254 0.2338446695755888 0.1535648249545461 0.2546947092263866 0.2406784999705729 0.2731751744429234 0.26761410281282877 0.2597895869682001 0.26582290682807386 0.2596797285953734 0.24564798672998783 0.259828239737277 
G001277345.fna 0.2642538424349298 0.18559736208217378 0.2629685674868016 0.2658489725379072 0.26511015843090563 0.29190418023358966 0.26226599220638724 0.2693934237473957 0.26453851282841767 0.2618620287670401 0.26597824663603364 0.2602302212673535 0.25214658415414726 0.29015518407938923 0.259079351335876 0.2563132526057148 0.2706175197336566 0.27140347227710726 0.25817348380449334 0.24946105626394682 0.23483849624714923 0.24375142751604495 0.03689472332448787 0.0 0.26769274676823185 0.2131312111077125 0.2796423087594293 0.2525071959218483 0.15339203151903355 0.2605673734624667 0.25958513531842276 0.26886898371622675 0.27154932030523177 0.24946330685580084 0.2673655025883849 0.25845492407400494 0.24796055323973187 0.25703218868919536 
G001277855.fna 0.0967648494403868 0.2752228231387399 0.11987793199424626 0.11866725961454208 0.2449751205538201 0.29928317564048557 0.2435904719267057 0.27583686668060003 0.11601340576763206 0.04216291192970798 0.09681850960373467 0.10775416626417458 0.2690645825234047 0.30301417629276595 0.04387519614491879 0.2594776269516039 0.27386209909794823 0.27581352815957355 0.27680824877553256 0.27411879500864683 0.27057739731861846 0.27764538384926885 0.26817119618238044 0.26769274676823185 0.0 0.26778150091875713 0.2774943142487516 0.25085491781999336 0.2664781008916622 0.11501371144359221 0.24024030530326912 0.26066110950107346 0.25625239041681536 0.25882876315702413 0.26895601013987125 0.04389151236626276 0.25729364177259983 0.2565332638171406 
G001373415.fna 0.2410493521980892 0.2089728755946436 0.2422364685590484 0.2448298770497473 0.26535571969840427 0.2821383108141355 0.2630896798064954 0.2577032792726872 0.24958976844856082 0.2494989340656558 0.2476790931295998 0.24778715111646865 0.24123533366295258 0.2668078803241416 0.26135612120582263 0.24071116145154153 0.2457665672121111 0.2452875258520114 0.24620824617500636 0.23558684308706968 0.2442466135791889 0.2504664788989521 0.2053138769520635 0.2131312111077125 0.26778150091875713 0.0 0.2463003985593485 0.24792489212281582 0.2040033300415936 0.2550018734824079 0.24448046625918193 0.2650866177531723 0.26903481020629294 0.2653673621718245 0.26283681172692186 0.2592968567903805 0.25245896980432736 0.26105933674959847 
G001421015.fna 0.24421780421924227 0.25395931621703466 0.2499980019974355 0.25224443303081245 0.2761174925284524 0.2705476988437223 0.2736620230272724 0.27106887052521145 0.2547079726336317 0.25550490870967935 0.2553039349203017 0.253871485408666 0.25524728259502805 0.2575141056300504 0.2694846185580629 0.25065953170392574 0.2512864396548427 0.2502040137293204 0.252143665883964 0.2549508373289491 0.2503105316422798 0.2547551524804 0.25130726922990254 0.2796423087594293 0.2774943142487516 0.2463003985593485 0.0 0.2570184343965931 0.2471965839666798 0.26420755371402094 0.2463138258271751 0.2690112606733696 0.2813504166188266 0.273665391436995 0.2797485704613482 0.26896832204764065 0.26842401998167575 0.27246465959557836 
G001514495.fna 0.2372579539009305 0.24585928368880122 0.25087661726953553 0.250184226620477 0.2652789216725814 0.2952800077690052 0.26194990272247004 0.2644816786282753 0.2438001925859624 0.23882307967634175 0.24307730436867542 0.24796295811690694 0.24831872450204812 0.2705554702950234 0.2437566142173943 0.2420148835991548 0.2581722015380098 0.2580551253443816 0.24175423028027102 0.256998618618522 0.24540160404019162 0.22865965172432512 0.2338446695755888 0.2525071959218483 0.25085491781999336 0.24792489212281582 0.2570184343965931 0.0 0.2484202141257889 0.25887855288617834 0.13625744499268674 0.1677880145389624 0.25481945406250806 0.09847986832199448 0.28446881100848875 0.2433548535667338 0.24784120125204517 0.09759173489559306 
G001632305.fna 0.23948543369598455 0.17534546151948627 0.24537314920897527 0.2468522545764599 0.2641363574217702 0.28790728907021873 0.2619957320050894 0.25761224885100986 0.24848612234017392 0.24783781366267893 0.24965022649859978 0.24758030776551104 0.2403615729389889 0.26382546862194917 0.26079127809921104 0.24098526310469953 0.24211011793982334 0.24001977447277628 0.24330530921729776 0.2351477091446662 0.23909365231988736 0.24657579793620205 0.1535648249545461 0.15339203151903355 0.2664781008916622 0.2040033300415936 0.2471965839666798 0.2484202141257889 0.0 0.2560714596650495 0.24166714678696571 0.2726007651728242 0.2665089310552958 0.25844275554860036 0.2643576402983453 0.2588150912151089 0.2423038384316276 0.25667575465630643 
G001705305.fna 0.1234290928590189 0.2623943172132449 0.060203066484000735 0.05330430620167518 0.24125900897488206 0.28974415941219667 0.2372379759286292 0.26395161547495616 0.0884806980076279 0.10977998868120561 0.12339039838976448 0.11864306913862946 0.2602491455515734 0.28389163229832004 0.11245174187947214 0.2502139967385616 0.253011820616345 0.2656437782072453 0.26575084272626104 0.26555326418357184 0.24721651896134117 0.25843884779376497 0.2546947092263866 0.2605673734624667 0.11501371144359221 0.2550018734824079 0.26420755371402094 0.25887855288617834 0.2560714596650495 0.0 0.23505446293127955 0.25707068331778365 0.2667650307723345 0.26029541213607355 0.26255439675158554 0.11290024472539373 0.2534745856277489 0.25950486618784463 
G001908275.fna 0.22218911938920072 0.24729794307313915 0.24255248249992947 0.2456216483173514 0.25992800659690385 0.28806436589047163 0.2606311131610084 0.26346100461092303 0.24654134075620524 0.23133462955088907 0.23220232487609566 0.2260175505279352 0.23426233014160447 0.26412631578360524 0.2374287597371897 0.23980415268334876 0.2497502754129805 0.2509048651370428 0.2411368699632203 0.25102734327897797 0.23984675004501332 0.2426157422438927 0.2406784999705729 0.25958513531842276 0.24024030530326912 0.24448046625918193 0.2463138258271751 0.13625744499268674 0.24166714678696571 0.23505446293127955 0.0 0.1562293538200249 0.27407049857648597 0.13371114863256986 0.27696533802896034 0.23613979939833296 0.24922501376073958 0.13272075687340423 
G900102085.fna 0.25395086947783685 0.273558928552186 0.2592153241359845 0.2612539650596843 0.2559518831507544 0.29012486389885417 0.2553336876189818 0.2859022459740217 0.2576640467224512 0.2546497651508173 0.25736521878983215 0.253512178099946 0.2691898841832949 0.2881836654170851 0.2565149787449456 0.25159665841362977 0.27901834217598775 0.27822099102765496 0.2717757495476911 0.27136233929831954 0.28115577030614824 0.2748939867841132 0.2731751744429234 0.26886898371622675 0.26066110950107346 0.2650866177531723 0.2690112606733696 0.1677880145389624 0.2726007651728242 0.25707068331778365 0.1562293538200249 0.0 0.2797373832577488 0.1668954985392433 0.2822723885405051 0.2557386491733454 0.2518874260788947 0.1657082469052344 
G900102965.fna 0.24266521677928254 0.267848803410367 0.26882191873452765 0.2645793012144337 0.27193488803499544 0.2919436488412582 0.2693548777732001 0.227953741088533 0.25932173062284786 0.26049253441451375 0.2420133491870998 0.26194297622943225 0.26735785173227866 0.2897848431568612 0.2630097510298989 0.27619610185133847 0.22574435966739914 0.22049960311662764 0.19825568007172384 0.2664371546682278 0.26214996082954567 0.20275949602006435 0.26761410281282877 0.27154932030523177 0.25625239041681536 0.26903481020629294 0.2813504166188266 0.25481945406250806 0.2665089310552958 0.2667650307723345 0.27407049857648597 0.2797373832577488 0.0 0.2746181202376523 0.22619340327520704 0.26131332180299177 0.27849412013307745 0.27207475910869267 
G900107875.fna 0.2505933546994866 0.27157380421549665 0.2594632340134699 0.25918819110250096 0.2603998091167349 0.291284171478117 0.2605677467291332 0.28705990884485494 0.2604311472447878 0.2496944282903268 0.2554112017360235 0.25819836325892975 0.2570043361271025 0.2934643100060336 0.24819687036235785 0.2545832336134995 0.28168094273886934 0.2810931587837739 0.24925074618054227 0.27235244952761145 0.25415182679912995 0.2571542893131569 0.2597895869682001 0.24946330685580084 0.25882876315702413 0.2653673621718245 0.273665391436995 0.09847986832199448 0.25844275554860036 0.26029541213607355 0.13371114863256986 0.1668954985392433 0.2746181202376523 0.0 0.28049927030752186 0.2487992391135051 0.24860502732098877 0.024335147357631887 
G900110315.fna 0.26728416944567673 0.260609444349504 0.2650687614809291 0.2642273516884046 0.2711813214911483 0.281378377549665 0.2701707790204091 0.08932592934099884 0.2574270557006043 0.2567526839740639 0.2706868682698595 0.26020412889260336 0.26991144634563696 0.2805906920065913 0.2593282441434562 0.2690483680653253 0.08010710278952894 0.19269713922047127 0.23658206746928398 0.2540233433113614 0.26385826287793823 0.2341316495544657 0.26582290682807386 0.2673655025883849 0.26895601013987125 0.26283681172692186 0.2797485704613482 0.28446881100848875 0.2643576402983453 0.26255439675158554 0.27696533802896034 0.2822723885405051 0.22619340327520704 0.28049927030752186 0.0 0.2585018504976089 0.2674989322497854 0.2776508001447612 
G900116035.fna 0.09697023812372521 0.2664796653184526 0.11833137889017749 0.11667340884342473 0.2440115390386436 0.28771906052289187 0.24080603459475963 0.26693494622675595 0.11702182194364649 0.033623391716309625 0.09766665776646827 0.10544767546842343 0.26546042281681 0.29033571152347826 0.014264393943749377 0.25431060847588954 0.25556770318762195 0.27370497710052044 0.25371359110521513 0.26843369522237726 0.2407654072519803 0.2626890347420661 0.2596797285953734 0.25845492407400494 0.04389151236626276 0.2592968567903805 0.26896832204764065 0.2433548535667338 0.2588150912151089 0.11290024472539373 0.23613979939833296 0.2557386491733454 0.26131332180299177 0.2487992391135051 0.2585018504976089 0.0 0.25215805223768195 0.24744359745594371 
G900116105.fna 0.2518415849490892 0.26082816925653696 0.25330877673519187 0.2552341832852518 0.2546129736510214 0.2843434787075322 0.2528646645709746 0.27482094161198434 0.25268770123583406 0.25625768131764465 0.25348445466539715 0.2544306049922116 0.26211347785366834 0.2890457109976632 0.25454806186763956 0.10537466973416865 0.26518467225825104 0.2662945178884681 0.26265249732717355 0.26015638241980343 0.24795067019711592 0.2744162862463196 0.24564798672998783 0.24796055323973187 0.25729364177259983 0.25245896980432736 0.26842401998167575 0.24784120125204517 0.2423038384316276 0.2534745856277489 0.24922501376073958 0.2518874260788947 0.27849412013307745 0.24860502732098877 0.2674989322497854 0.25215805223768195 0.0 0.24694743541329053 
G900143165.fna 0.248849716166811 0.27013709142979864 0.2574908420137972 0.2583013400088061 0.2510297466993638 0.292797396360574 0.25907703955970685 0.286155240461228 0.25833844510128023 0.24931886902633302 0.25515215101612704 0.2576296904570643 0.254788004672323 0.2908262546446987 0.24732560097403522 0.25134437603938425 0.2789980190628405 0.27838341006947814 0.24369635860396455 0.2701033609094552 0.253335352014696 0.25461606122654024 0.259828239737277 0.25703218868919536 0.2565332638171406 0.26105933674959847 0.27246465959557836 0.09759173489559306 0.25667575465630643 0.25950486618784463 0.13272075687340423 0.1657082469052344 0.27207475910869267 0.024335147357631887 0.2776508001447612 0.24744359745594371 0.24694743541329053 0.0 
