38
G000164985.fna 0.0 0.28635746482935287 0.1416018903636401 0.13704357712181212 0.27852601688340434 0.3347908426576507 0.2756163301164123 0.2848662735248114 0.1355919698026482 0.10669879391331127 0.02848061109498683 0.13858551250190054 0.2896421528066295 0.31331061293070017 0.10674719143832592 0.28354133529673115 0.2826939647760093 0.2889650800595056 0.2856165050704793 0.2955367718216054 0.27985882407531576 0.2943193246648789 0.28813460175950234 0.3079857615807267 0.10537744758978532 0.2856413054742465 0.28691370716027625 0.27605335274835907 0.2833553407992109 0.13628584814818936 0.2598837366026813 0.2919815981557575 0.2827071603718768 0.28943040493630834 0.3105710890386044 0.10551000835036915 0.29499250665962246 0.2878427583807593 
G000230915.fna 0.28635746482935287 0.0 0.29482041580988866 0.29728444122700876 0.31204591309905466 0.3271988760868694 0.30636700309894155 0.29448990889634663 0.29937112149959316 0.3015428174497846 0.29581043870634655 0.2976040106626742 0.29401590491277546 0.3077384118441378 0.3128684826330426 0.2859509546403574 0.28319772242957364 0.28097349246430137 0.29558816074606176 0.25120486731561054 0.2977768860673369 0.3010350480919464 0.2073939876997749 0.21117412094686328 0.3202079569356379 0.24365700137057164 0.3009848660132487 0.28890979273262934 0.19982869341006815 0.30760427594023887 0.29199522834482006 0.318320533007063 0.3051583912453103 0.3147705776368382 0.3008481534484224 0.31185378734160013 0.3043890574057315 0.3130461619078916 
G000236805.fna 0.1416018903636401 0.29482041580988866 0.0 0.06262147685998573 0.2769966281230417 0.3314858999120156 0.2755611304310237 0.29040853639793934 0.09857560602647884 0.1193484498621801 0.14066032716190546 0.13777908510203904 0.290993187692608 0.3161477367861591 0.12907137426843734 0.2713482896101902 0.28234419641292796 0.29467672654550014 0.29609455508583304 0.2958583763013363 0.2868369594500158 0.2931042303598857 0.2883484375429535 0.3066710561566149 0.13100954588927544 0.28613700089314154 0.2930015932478761 0.28999532105904563 0.28892654972141574 0.06559529518638144 0.2834495779765013 0.3001605586203962 0.31006664755196106 0.29891013326632726 0.30699913323598754 0.12926590135697721 0.2971818814324079 0.2971610519235705 
G000245715.fna 0.13704357712181212 0.29728444122700876 0.06262147685998573 0.0 0.2654016162333367 0.33524882893956753 0.2797602706092983 0.2942690454499877 0.09625720962921536 0.12442032230057179 0.13742877647152693 0.13466909318725342 0.29613350462839005 0.31887882436058534 0.12867670254516472 0.29024214556193506 0.29155323936574384 0.2980509705497567 0.2972649441740614 0.2999018731174974 0.2888419126844099 0.2911165383788401 0.29460330133847945 0.3099113984870767 0.12950335970311214 0.28836119960352125 0.2943476149005773 0.2898500618490357 0.29058267408345095 0.058313988555878486 0.2856165668597808 0.3011526637609396 0.30578661953116193 0.2978323038313472 0.30654736729362564 0.12737521702942212 0.2983612789886212 0.2965743564603797 
G000377505.fna 0.27852601688340434 0.31204591309905466 0.2769966281230417 0.2654016162333367 0.0 0.33838800328439955 0.04973019499197091 0.3184569755078912 0.28021495337688496 0.28207397082864505 0.27582655980603077 0.282294942760917 0.321549592079268 0.3386239987807528 0.2824846623031882 0.29949598643884134 0.3160648036712559 0.31752307317344247 0.32129680013976075 0.3199585634017935 0.3240159297704767 0.3216679294371804 0.30685080744457116 0.30988725155487357 0.28265701653905095 0.31053691845570575 0.3190959887961668 0.3040616914712826 0.3098409523259915 0.27812799022506224 0.2995810132307335 0.29618622564546454 0.3144873155106361 0.3009030630274535 0.3158238659571229 0.28119968317508504 0.2989245197692262 0.2923443117033606 
G000378145.fna 0.3347908426576507 0.3271988760868694 0.3314858999120156 0.33524882893956753 0.33838800328439955 0.0 0.33471038447248397 0.3327889675276174 0.3343185551517285 0.33687199876090956 0.33631834548374756 0.33531026980118006 0.35091555776753813 0.20778137793638823 0.33735757409424183 0.3298315682424719 0.32594634214492413 0.32282167253266836 0.33875736645872445 0.3221570695157563 0.35210469497161945 0.3419704951625855 0.3369058919633509 0.33689866059988305 0.3444716859282706 0.3279852637075851 0.30735119990836934 0.3372804146984615 0.3316151572064275 0.33473016113279913 0.33169354130508444 0.3328535723928742 0.3345598107470769 0.3351827610868593 0.32283248574716855 0.33345918601648605 0.32984731989656346 0.335929748859508 
G000426545.fna 0.2756163301164123 0.30636700309894155 0.2755611304310237 0.2797602706092983 0.04973019499197091 0.33471038447248397 0.0 0.32049360546811045 0.2780127585324096 0.2787467428358742 0.27340003186801387 0.2814521949875345 0.3207608166293203 0.33696603766624617 0.27894402184508366 0.29681131857025755 0.31103453035567286 0.31733851828229376 0.31545169369694337 0.31921858840762335 0.32141491596493554 0.3212075133016846 0.3082306665057089 0.3061070929264707 0.28148328909170023 0.30805167998978134 0.3171209547525834 0.3008431412835092 0.30597991171547073 0.275244093206896 0.30031404235340353 0.2954371303763089 0.31029114445963735 0.30143235864029483 0.3142816945593925 0.27865234915187126 0.2971082637690029 0.29972528185718844 
G000520635.fna 0.2848662735248114 0.29448990889634663 0.29040853639793934 0.2942690454499877 0.3184569755078912 0.3327889675276174 0.32049360546811045 0.0 0.28248672117075446 0.3018943602067479 0.2893949065901534 0.29668377180171934 0.3083582055110603 0.313932206175416 0.3098856472534598 0.3117405829071317 0.08589154753326059 0.21367537608006348 0.26488023661007415 0.2903105346900969 0.2948671676505563 0.2666386868609566 0.29992782689230707 0.3098839563422908 0.31860781279852113 0.3012090766045181 0.31618222341468 0.3090131361883679 0.2997441021539472 0.30455131095771165 0.31103027168162256 0.33064631516265863 0.25674760738220803 0.3308229218532154 0.09673712331837853 0.3095397645523644 0.31946272980163576 0.32947706730023724 
G000520755.fna 0.1355919698026482 0.29937112149959316 0.09857560602647884 0.09625720962921536 0.28021495337688496 0.3343185551517285 0.2780127585324096 0.28248672117075446 0.0 0.12729988247803004 0.13520122423471626 0.1313091308688591 0.293849716580118 0.3228994822682144 0.12876087244537723 0.2882188832802079 0.25241094755651383 0.30003538535120183 0.29831544309435104 0.29894128015911314 0.2785572739513872 0.2893060816984814 0.2919595652064547 0.30674971980644533 0.1271395053509484 0.2940552588134265 0.2969998827175938 0.28310492513410435 0.29151749691855666 0.09649313013675268 0.2877697995273217 0.2980707110542963 0.3006620706832025 0.29953433266780016 0.29865441244149626 0.1280120105128787 0.29624902750529736 0.29788925273966693 
G000520775.fna 0.10669879391331127 0.3015428174497846 0.1193484498621801 0.12442032230057179 0.28207397082864505 0.33687199876090956 0.2787467428358742 0.3018943602067479 0.12729988247803004 0.0 0.10579524069043444 0.11801780587452324 0.29777464357766864 0.32374492323696624 0.037051138844917994 0.2774084013778545 0.2914303400066772 0.3027428284494376 0.2879634260838351 0.3025522010226738 0.28030184067785074 0.2970469773316134 0.29167694055302257 0.30400650065280144 0.04662442983183929 0.2943717101607458 0.29849359560288347 0.27807548903106766 0.2923426520021412 0.12042533881645484 0.2693687374301331 0.29335188100958487 0.29986039834280576 0.2885316224280075 0.3000818518111411 0.03720409985213878 0.30044078674862307 0.28816297206790453 
G000520795.fna 0.02848061109498683 0.29581043870634655 0.14066032716190546 0.13742877647152693 0.27582655980603077 0.33631834548374756 0.27340003186801387 0.2893949065901534 0.13520122423471626 0.10579524069043444 0.0 0.13967035375136433 0.299438352315032 0.3235327223081573 0.10592164238624369 0.29109870183779485 0.29574435970128926 0.3026309356936444 0.2989153708635108 0.30410569164899837 0.2932708800824374 0.2998975486293212 0.29704790407715365 0.309276963609709 0.10532054981021657 0.2930741554825095 0.2980436587620108 0.2820503231618377 0.29408709145441314 0.13593628586472328 0.27085907771607765 0.29604286149363396 0.28277701650468273 0.2947828362543691 0.314826349978076 0.10613678827871934 0.29639277174039014 0.29488371958170023 
G000520815.fna 0.13858551250190054 0.2976040106626742 0.13777908510203904 0.13466909318725342 0.282294942760917 0.33531026980118006 0.2814521949875345 0.29668377180171934 0.1313091308688591 0.11801780587452324 0.13967035375136433 0.0 0.2911881359668759 0.3180376837032394 0.11818215655111786 0.2895614449439395 0.2822869174064165 0.2959616189814432 0.29266723017462865 0.2982750397478765 0.282515211369051 0.2963658895873343 0.2902604781640054 0.30243120230448867 0.11940901581449126 0.29162909053999886 0.2956094655587927 0.28557883797238043 0.2905655520999349 0.1308485111393311 0.26260470451252504 0.29120454751673924 0.30191341244874614 0.29538233624741866 0.30199054804599434 0.1168773139233763 0.29770921317716276 0.2956060154970258 
G000576305.fna 0.2896421528066295 0.29401590491277546 0.290993187692608 0.29613350462839005 0.321549592079268 0.35091555776753813 0.3207608166293203 0.3083582055110603 0.293849716580118 0.29777464357766864 0.299438352315032 0.2911881359668759 0.0 0.3225948989262438 0.30870806249040156 0.295021540458018 0.2966312714291811 0.2991989506980127 0.2787246799627411 0.26707205233574394 0.2586115541869935 0.2717870657022882 0.27825071071641416 0.2912802592865312 0.3122636792423228 0.28385031729470533 0.3017378620127012 0.29031263493805287 0.28347546615739505 0.3042130843844873 0.2771465705565182 0.3111124887080188 0.3132228841077397 0.2965198826728084 0.31421137803739163 0.30776877114716833 0.3053681291939072 0.29437341075233764 
G000585395.fna 0.31331061293070017 0.3077384118441378 0.3161477367861591 0.31887882436058534 0.3386239987807528 0.20778137793638823 0.33696603766624617 0.313932206175416 0.3228994822682144 0.32374492323696624 0.3235327223081573 0.3180376837032394 0.3225948989262438 0.0 0.34067714653226694 0.31897376680677436 0.30546411602469004 0.2989684096360591 0.3160359887230885 0.299843303003349 0.32362108478325513 0.3226989499649975 0.3152573952023721 0.3380986736538081 0.34898398468793745 0.3161291740673017 0.2990115811486985 0.3166671068651019 0.3115712903939773 0.3306536109857552 0.31082701076970864 0.33259309522470487 0.3314899652654142 0.33781875881687173 0.32303527218209566 0.33643105638331816 0.3368438401888487 0.3345589354748743 
G000686825.fna 0.10674719143832592 0.3128684826330426 0.12907137426843734 0.12867670254516472 0.2824846623031882 0.33735757409424183 0.27894402184508366 0.3098856472534598 0.12876087244537723 0.037051138844917994 0.10592164238624369 0.11818215655111786 0.30870806249040156 0.34067714653226694 0.0 0.2986153504186321 0.30117743346305637 0.32252129858148004 0.29529193470961657 0.31576720123768626 0.28458044797684745 0.3050837521835362 0.3040063308574146 0.30207219490909937 0.04827697127334547 0.30491836636083824 0.3109358914263879 0.28198888103672104 0.30294380878254235 0.12316109188112276 0.27454537285406677 0.2948800293445825 0.30141117854329447 0.286381991521448 0.30269975358956347 0.016794541583280226 0.2982759960243382 0.28544272981914515 
G000732325.fna 0.28354133529673115 0.2859509546403574 0.2713482896101902 0.29024214556193506 0.29949598643884134 0.3298315682424719 0.29681131857025755 0.3117405829071317 0.2882188832802079 0.2774084013778545 0.29109870183779485 0.2895614449439395 0.295021540458018 0.31897376680677436 0.2986153504186321 0.0 0.30021009813017513 0.2424822817666704 0.3007837412714683 0.2878614130573034 0.2997866097034489 0.3047260570925864 0.29028488027756555 0.2985568749192268 0.303218770075719 0.2836212493624464 0.295954714206636 0.2814490559399574 0.284051986044771 0.2942215015421946 0.2803640723733406 0.29210616745130313 0.3212216288458062 0.2939010647932567 0.31541394891149965 0.29791983611503653 0.11471102450477834 0.29063609611671337 
G000756615.fna 0.2826939647760093 0.28319772242957364 0.28234419641292796 0.29155323936574384 0.3160648036712559 0.32594634214492413 0.31103453035567286 0.08589154753326059 0.25241094755651383 0.2914303400066772 0.29574435970128926 0.2822869174064165 0.2966312714291811 0.30546411602469004 0.30117743346305637 0.30021009813017513 0.0 0.20884590332161368 0.261196563697851 0.2817788953145798 0.2877796730598704 0.2632975783946981 0.29249602078715625 0.31377821464237154 0.318069417874792 0.2905587314233843 0.29658793535610517 0.30410094305366897 0.2852386987392975 0.2950068445860953 0.2970856886529354 0.3246090275131454 0.25548447848417283 0.32770523009659286 0.08710998409029194 0.2982918169288088 0.3115749184883455 0.3244192689465505 
G000758685.fna 0.2889650800595056 0.28097349246430137 0.29467672654550014 0.2980509705497567 0.31752307317344247 0.32282167253266836 0.31733851828229376 0.21367537608006348 0.30003538535120183 0.3027428284494376 0.3026309356936444 0.2959616189814432 0.2991989506980127 0.2989684096360591 0.32252129858148004 0.2424822817666704 0.20884590332161368 0.0 0.26783365909338724 0.2778659470394166 0.2953783592601271 0.2700765854762993 0.290124681541749 0.3145519630352991 0.32079784381892607 0.2905647689728865 0.2966758305229768 0.30386395970647756 0.2829320509348514 0.3105583297511555 0.2984242231450708 0.3246485171223254 0.24977558385686705 0.32717195565605195 0.21620223085315543 0.3188047139456256 0.3130620499347938 0.32426471672962354 
G000758725.fna 0.2856165050704793 0.29558816074606176 0.29609455508583304 0.2972649441740614 0.32129680013976075 0.33875736645872445 0.31545169369694337 0.26488023661007415 0.29831544309435104 0.2879634260838351 0.2989153708635108 0.29266723017462865 0.2787246799627411 0.3160359887230885 0.29529193470961657 0.3007837412714683 0.261196563697851 0.26783365909338724 0.0 0.2999792166210586 0.2681554235613572 0.12824309643093887 0.2869067037922147 0.2979334840830365 0.31728728659867445 0.2899461130462516 0.2973478299451592 0.28176067650507436 0.28695928291483486 0.30868444612662976 0.28303257576248797 0.3145628728033767 0.22666715120614062 0.2883281956542365 0.27158050137872214 0.29428694074856804 0.3082196942489143 0.2831101975555139 
G000787385.fna 0.2955367718216054 0.25120486731561054 0.2958583763013363 0.2999018731174974 0.3199585634017935 0.3221570695157563 0.31921858840762335 0.2903105346900969 0.29894128015911314 0.3025522010226738 0.30410569164899837 0.2982750397478765 0.26707205233574394 0.299843303003349 0.31576720123768626 0.2878614130573034 0.2817788953145798 0.2778659470394166 0.2999792166210586 0.0 0.2940318933256625 0.3011500020731491 0.27385241348985384 0.28697012732232763 0.3183497625796265 0.27790033831264876 0.3020110227438685 0.3008029753920395 0.2748487525328621 0.3098662146166198 0.2968793781767586 0.31581935073409456 0.3042969972216732 0.3157091263398279 0.29262516139571304 0.31350722258723696 0.3055690933902506 0.3134371791336156 
G000949425.fna 0.27985882407531576 0.2977768860673369 0.2868369594500158 0.2888419126844099 0.3240159297704767 0.35210469497161945 0.32141491596493554 0.2948671676505563 0.2785572739513872 0.28030184067785074 0.2932708800824374 0.282515211369051 0.2586115541869935 0.32362108478325513 0.28458044797684745 0.2997866097034489 0.2877796730598704 0.2953783592601271 0.2681554235613572 0.2940318933256625 0.0 0.24248256388323003 0.2703010656115493 0.27476946670494806 0.31174994086944763 0.28767913399897393 0.29743082243423286 0.28860083147242016 0.2823574865334314 0.2908365314199062 0.28365113422888516 0.3245508664822079 0.3054335622066813 0.29605389456590203 0.3075033644939515 0.28261263275623244 0.2946597906956503 0.29476354169655067 
G001012825.fna 0.2943193246648789 0.3010350480919464 0.2931042303598857 0.2911165383788401 0.3216679294371804 0.3419704951625855 0.3212075133016846 0.2666386868609566 0.2893060816984814 0.2970469773316134 0.2998975486293212 0.2963658895873343 0.2717870657022882 0.3226989499649975 0.3050837521835362 0.3047260570925864 0.2632975783946981 0.2700765854762993 0.12824309643093887 0.3011500020731491 0.24248256388323003 0.0 0.279261511275942 0.2841919494351334 0.3188769722298561 0.2950281178933018 0.301344991322834 0.26879126988618307 0.2906516265683959 0.3001810441054557 0.28577764009225803 0.3180809853960858 0.23255646523585186 0.2973594642728252 0.26966988151086685 0.3039189204754451 0.3199531810303336 0.2948345725626606 
G001275645.fna 0.28813460175950234 0.2073939876997749 0.2883484375429535 0.29460330133847945 0.30685080744457116 0.3369058919633509 0.3082306665057089 0.29992782689230707 0.2919595652064547 0.29167694055302257 0.29704790407715365 0.2902604781640054 0.27825071071641416 0.3152573952023721 0.3040063308574146 0.29028488027756555 0.29249602078715625 0.290124681541749 0.2869067037922147 0.27385241348985384 0.2703010656115493 0.279261511275942 0.0 0.04140711416118272 0.3121896186222401 0.2388085379006957 0.29686570135770207 0.27448391389106114 0.17313157944960084 0.2999103560020253 0.282483507493536 0.31435229091094385 0.3093851489644649 0.29889352896936106 0.30820040216694505 0.30244755700587583 0.28908964208899424 0.2984535160291402 
G001277345.fna 0.3079857615807267 0.21117412094686328 0.3066710561566149 0.3099113984870767 0.30988725155487357 0.33689866059988305 0.3061070929264707 0.3098839563422908 0.30674971980644533 0.30400650065280144 0.309276963609709 0.30243120230448867 0.2912802592865312 0.3380986736538081 0.30207219490909937 0.2985568749192268 0.31377821464237154 0.3145519630352991 0.2979334840830365 0.28697012732232763 0.27476946670494806 0.2841919494351334 0.04140711416118272 0.0 0.3117870000982915 0.24553274890962168 0.3237789375654738 0.2919034097021053 0.17235797972962283 0.3045200804289862 0.3017993889741132 0.31140864502739296 0.31148343694026887 0.2892047998271741 0.3096224772115991 0.30081818908365104 0.29161634709759887 0.2958450328266137 
G001277855.fna 0.10537744758978532 0.3202079569356379 0.13100954588927544 0.12950335970311214 0.28265701653905095 0.3444716859282706 0.28148328909170023 0.31860781279852113 0.1271395053509484 0.04662442983183929 0.10532054981021657 0.11940901581449126 0.3122636792423228 0.34898398468793745 0.04827697127334547 0.303218770075719 0.318069417874792 0.32079784381892607 0.31728728659867445 0.3183497625796265 0.31174994086944763 0.3188769722298561 0.3121896186222401 0.3117870000982915 0.0 0.31120480468662465 0.3185079187069421 0.28914499744919575 0.30971770595292847 0.12591957135481527 0.2780120425709665 0.29884158658449417 0.2975232254917208 0.2982235544312544 0.3130346829010627 0.04829278613608453 0.30149357388435677 0.2956842590375609 
G001373415.fna 0.2856413054742465 0.24365700137057164 0.28613700089314154 0.28836119960352125 0.31053691845570575 0.3279852637075851 0.30805167998978134 0.3012090766045181 0.2940552588134265 0.2943717101607458 0.2930741554825095 0.29162909053999886 0.28385031729470533 0.3161291740673017 0.30491836636083824 0.2836212493624464 0.2905587314233843 0.2905647689728865 0.2899461130462516 0.27790033831264876 0.28767913399897393 0.2950281178933018 0.2388085379006957 0.24553274890962168 0.31120480468662465 0.0 0.2923377462616294 0.29035372077295996 0.23770014071810397 0.3003064248650881 0.2882818845668462 0.3077381391323075 0.31245768404535 0.30786364264531263 0.3074975952278056 0.3026622136779515 0.29466443887321236 0.30372750583045716 
G001421015.fna 0.28691370716027625 0.3009848660132487 0.2930015932478761 0.2943476149005773 0.3190959887961668 0.30735119990836934 0.3171209547525834 0.31618222341468 0.2969998827175938 0.29849359560288347 0.2980436587620108 0.2956094655587927 0.3017378620127012 0.2990115811486985 0.3109358914263879 0.295954714206636 0.29658793535610517 0.2966758305229768 0.2973478299451592 0.3020110227438685 0.29743082243423286 0.301344991322834 0.29686570135770207 0.3237789375654738 0.3185079187069421 0.2923377462616294 0.0 0.29795934460367707 0.2926021841559851 0.305755567251953 0.2875546137604999 0.3080704169419746 0.3228945585550895 0.3116934832132035 0.3236778591662469 0.30967206054369184 0.3124706466440401 0.3102312495880417 
G001514495.fna 0.27605335274835907 0.28890979273262934 0.28999532105904563 0.2898500618490357 0.3040616914712826 0.3372804146984615 0.3008431412835092 0.3090131361883679 0.28310492513410435 0.27807548903106766 0.2820503231618377 0.28557883797238043 0.29031263493805287 0.3166671068651019 0.28198888103672104 0.2814490559399574 0.30410094305366897 0.30386395970647756 0.28176067650507436 0.3008029753920395 0.28860083147242016 0.26879126988618307 0.27448391389106114 0.2919034097021053 0.28914499744919575 0.29035372077295996 0.29795934460367707 0.0 0.2894536177797426 0.2966458805087705 0.15323961327512506 0.1911786759982072 0.29292675553127595 0.10819969042340732 0.3278301966418682 0.28124925594653194 0.2876162966498238 0.10701992729126056 
G001632305.fna 0.2833553407992109 0.19982869341006815 0.28892654972141574 0.29058267408345095 0.3098409523259915 0.3316151572064275 0.30597991171547073 0.2997441021539472 0.29151749691855666 0.2923426520021412 0.29408709145441314 0.2905655520999349 0.28347546615739505 0.3115712903939773 0.30294380878254235 0.284051986044771 0.2852386987392975 0.2829320509348514 0.28695928291483486 0.2748487525328621 0.2823574865334314 0.2906516265683959 0.17313157944960084 0.17235797972962283 0.30971770595292847 0.23770014071810397 0.2926021841559851 0.2894536177797426 0.0 0.29944234526476676 0.28357763734011043 0.3142534540026006 0.3065081142494783 0.29759364836539226 0.30660429021984764 0.30151309833817513 0.2852244900345689 0.2959521138732533 
G001705305.fna 0.13628584814818936 0.30760427594023887 0.06559529518638144 0.058313988555878486 0.27812799022506224 0.33473016113279913 0.275244093206896 0.30455131095771165 0.09649313013675268 0.12042533881645484 0.13593628586472328 0.1308485111393311 0.3042130843844873 0.3306536109857552 0.12316109188112276 0.2942215015421946 0.2950068445860953 0.3105583297511555 0.30868444612662976 0.3098662146166198 0.2908365314199062 0.3001810441054557 0.2999103560020253 0.3045200804289862 0.12591957135481527 0.3003064248650881 0.305755567251953 0.2966458805087705 0.29944234526476676 0.0 0.27212433579039336 0.29520820424266747 0.30753887886861747 0.2989914875130593 0.30453228150208217 0.12364437530072625 0.2965792005249336 0.298382900652268 
G001908275.fna 0.2598837366026813 0.29199522834482006 0.2834495779765013 0.2856165668597808 0.2995810132307335 0.33169354130508444 0.30031404235340353 0.31103027168162256 0.2877697995273217 0.2693687374301331 0.27085907771607765 0.26260470451252504 0.2771465705565182 0.31082701076970864 0.27454537285406677 0.2803640723733406 0.2970856886529354 0.2984242231450708 0.28303257576248797 0.2968793781767586 0.28365113422888516 0.28577764009225803 0.282483507493536 0.3017993889741132 0.2780120425709665 0.2882818845668462 0.2875546137604999 0.15323961327512506 0.28357763734011043 0.27212433579039336 0.0 0.17677774950856356 0.31759072346520734 0.1507021937436311 0.3234491719024315 0.2732581936071032 0.28931796406042265 0.14942388776619964 
G900102085.fna 0.2919815981557575 0.318320533007063 0.3001605586203962 0.3011526637609396 0.29618622564546454 0.3328535723928742 0.2954371303763089 0.33064631516265863 0.2980707110542963 0.29335188100958487 0.29604286149363396 0.29120454751673924 0.3111124887080188 0.33259309522470487 0.2948800293445825 0.29210616745130313 0.3246090275131454 0.3246485171223254 0.3145628728033767 0.31581935073409456 0.3245508664822079 0.3180809853960858 0.31435229091094385 0.31140864502739296 0.29884158658449417 0.3077381391323075 0.3080704169419746 0.1911786759982072 0.3142534540026006 0.29520820424266747 0.17677774950856356 0.0 0.32317279308109165 0.19049089156518542 0.328023056011204 0.2940297792626075 0.29283225697862664 0.18901516803085489 
G900102965.fna 0.2827071603718768 0.3051583912453103 0.31006664755196106 0.30578661953116193 0.3144873155106361 0.3345598107470769 0.31029114445963735 0.25674760738220803 0.3006620706832025 0.29986039834280576 0.28277701650468273 0.30191341244874614 0.3132228841077397 0.3314899652654142 0.30141117854329447 0.3212216288458062 0.25548447848417283 0.24977558385686705 0.22666715120614062 0.3042969972216732 0.3054335622066813 0.23255646523585186 0.3093851489644649 0.31148343694026887 0.2975232254917208 0.31245768404535 0.3228945585550895 0.29292675553127595 0.3065081142494783 0.30753887886861747 0.31759072346520734 0.32317279308109165 0.0 0.31663693584996483 0.2556452136559322 0.3000750354093358 0.3224527701318377 0.3141806360822831 
G900107875.fna 0.28943040493630834 0.3147705776368382 0.29891013326632726 0.2978323038313472 0.3009030630274535 0.3351827610868593 0.30143235864029483 0.3308229218532154 0.29953433266780016 0.2885316224280075 0.2947828362543691 0.29538233624741866 0.2965198826728084 0.33781875881687173 0.286381991521448 0.2939010647932567 0.32770523009659286 0.32717195565605195 0.2883281956542365 0.3157091263398279 0.29605389456590203 0.2973594642728252 0.29889352896936106 0.2892047998271741 0.2982235544312544 0.30786364264531263 0.3116934832132035 0.10819969042340732 0.29759364836539226 0.2989914875130593 0.1507021937436311 0.19049089156518542 0.31663693584996483 0.0 0.32531270391391265 0.2871736637217917 0.2876592312791837 0.027639163254510837 
G900110315.fna 0.3105710890386044 0.3008481534484224 0.30699913323598754 0.30654736729362564 0.3158238659571229 0.32283248574716855 0.3142816945593925 0.09673712331837853 0.29865441244149626 0.3000818518111411 0.314826349978076 0.30199054804599434 0.31421137803739163 0.32303527218209566 0.30269975358956347 0.31541394891149965 0.08710998409029194 0.21620223085315543 0.27158050137872214 0.29262516139571304 0.3075033644939515 0.26966988151086685 0.30820040216694505 0.3096224772115991 0.3130346829010627 0.3074975952278056 0.3236778591662469 0.3278301966418682 0.30660429021984764 0.30453228150208217 0.3234491719024315 0.328023056011204 0.2556452136559322 0.32531270391391265 0.0 0.30196289055060654 0.3137003718369724 0.3220740696824479 
G900116035.fna 0.10551000835036915 0.31185378734160013 0.12926590135697721 0.12737521702942212 0.28119968317508504 0.33345918601648605 0.27865234915187126 0.3095397645523644 0.1280120105128787 0.03720409985213878 0.10613678827871934 0.1168773139233763 0.30776877114716833 0.33643105638331816 0.016794541583280226 0.29791983611503653 0.2982918169288088 0.3188047139456256 0.29428694074856804 0.31350722258723696 0.28261263275623244 0.3039189204754451 0.30244755700587583 0.30081818908365104 0.04829278613608453 0.3026622136779515 0.30967206054369184 0.28124925594653194 0.30151309833817513 0.12364437530072625 0.2732581936071032 0.2940297792626075 0.3000750354093358 0.2871736637217917 0.30196289055060654 0.0 0.29558721423031076 0.2856986878152844 
G900116105.fna 0.29499250665962246 0.3043890574057315 0.2971818814324079 0.2983612789886212 0.2989245197692262 0.32984731989656346 0.2971082637690029 0.31946272980163576 0.29624902750529736 0.30044078674862307 0.29639277174039014 0.29770921317716276 0.3053681291939072 0.3368438401888487 0.2982759960243382 0.11471102450477834 0.3115749184883455 0.3130620499347938 0.3082196942489143 0.3055690933902506 0.2946597906956503 0.3199531810303336 0.28908964208899424 0.29161634709759887 0.30149357388435677 0.29466443887321236 0.3124706466440401 0.2876162966498238 0.2852244900345689 0.2965792005249336 0.28931796406042265 0.29283225697862664 0.3224527701318377 0.2876592312791837 0.3137003718369724 0.29558721423031076 0.0 0.2857714577834021 
G900143165.fna 0.2878427583807593 0.3130461619078916 0.2971610519235705 0.2965743564603797 0.2923443117033606 0.335929748859508 0.29972528185718844 0.32947706730023724 0.29788925273966693 0.28816297206790453 0.29488371958170023 0.2956060154970258 0.29437341075233764 0.3345589354748743 0.28544272981914515 0.29063609611671337 0.3244192689465505 0.32426471672962354 0.2831101975555139 0.3134371791336156 0.29476354169655067 0.2948345725626606 0.2984535160291402 0.2958450328266137 0.2956842590375609 0.30372750583045716 0.3102312495880417 0.10701992729126056 0.2959521138732533 0.298382900652268 0.14942388776619964 0.18901516803085489 0.3141806360822831 0.027639163254510837 0.3220740696824479 0.2856986878152844 0.2857714577834021 0.0 
