46
G000164985.fna 0.0 0.28602214764023753 0.14064053129684967 0.13615872969514664 0.3060053780509597 0.327769578446515 0.277834734299209 0.33384458731372874 0.3151066374488767 0.2881403468471189 0.2749331982745044 0.2962492588042513 0.28439279890032354 0.13477136221766517 0.10613143544467882 0.02840712393071821 0.13782980035910125 0.2888884258198507 0.3126569956806625 0.10619405664486588 0.28257433908716595 0.28594298073286606 0.28233575155673746 0.28853605282167166 0.284869092305265 0.2950660320756703 0.2784702321145709 0.2936547555446362 0.2875371713198111 0.3072253518601601 0.10484140086539785 0.28493761479666946 0.2888229989377661 0.28630294954835706 0.27512984575783794 0.28297146236317705 0.13543136525231386 0.25869075229544053 0.2905659323766737 0.3028821748960007 0.28215600710629984 0.28849454267466107 0.309975505386454 0.10495666176598309 0.2941536421492896 0.2868361023389437 
G000230915.fna 0.28602214764023753 0.0 0.29433881059221373 0.29668238792265295 0.3087558102122918 0.32390924650966535 0.310976722685118 0.32588684123889955 0.2984344700075348 0.27965309685188705 0.3053735065757774 0.2873257638060773 0.29377860423827284 0.29878023245687396 0.3009436809283155 0.2953621907356628 0.2969888931265683 0.29352895289291286 0.30705741958776395 0.31195864081645736 0.2853624160896849 0.25353247956624414 0.2828040976272398 0.28061653401074055 0.2951081613569231 0.2509314961293416 0.29728171335955444 0.3004178115829117 0.20689516676930542 0.21062207474206707 0.318907361071577 0.2432547560035635 0.20150771454236754 0.3005064784372584 0.28826444263404766 0.19933677283146733 0.30676937692896156 0.29141346414613245 0.31722657349504824 0.3114711125202298 0.3041535037906057 0.31368278150932416 0.30011829297015474 0.3109971419833513 0.30350494829969166 0.3118737692666601 
G000236805.fna 0.14064053129684967 0.29433881059221373 0.0 0.06244540927039935 0.30746583638922464 0.3154471981766618 0.2758956190595683 0.33003763719181495 0.31107533185459546 0.2910984518229355 0.27465723051569 0.29741564664063147 0.28980666702662605 0.09809530304661376 0.11877658047218108 0.13970241163623165 0.13690988474263757 0.2901972913131317 0.31530062223095146 0.12828151784696926 0.2706376178052817 0.27523959308307666 0.2819457575592885 0.2940556785016652 0.29542708688363095 0.2952483626353384 0.28581034389131293 0.2925614856957465 0.2878345184320001 0.3059798308649975 0.1302036798558684 0.2854793094369311 0.29687927570258954 0.2924972229073553 0.2890877099783226 0.2884691096065381 0.06538949007261086 0.2826644446574702 0.29911119115960644 0.30513117114607513 0.3092357566831772 0.2977976898102409 0.3061362560022736 0.1284706486207779 0.29662007254640926 0.2959739854531766 
G000245715.fna 0.13615872969514664 0.29668238792265295 0.06244540927039935 0.0 0.3103013567837507 0.3206309800798111 0.26462571154758313 0.33359578168452786 0.3134482709367525 0.29542496828846776 0.2788392891462077 0.29595205967505034 0.29342069490504685 0.0958058308888825 0.12370829679697852 0.13654915507018275 0.13388550786627074 0.29564223838024 0.3178401497827172 0.12788598441556595 0.2895523383446766 0.2820919747379239 0.29092932878794375 0.2972936396717602 0.29663516927484257 0.2991299577214901 0.2878837263039621 0.2904959494332427 0.2941278841863384 0.3092308761377001 0.12870749684256724 0.28767701050764843 0.30015791237878003 0.29390603424788264 0.28890336407484457 0.2901289364973988 0.05816358601309865 0.284757412101101 0.30011999136225864 0.30872761924947206 0.304930206567911 0.29671605088358816 0.30569672453006763 0.12659241013062839 0.2977968902124698 0.2954097720798295 
G000374825.fna 0.3060053780509597 0.3087558102122918 0.30746583638922464 0.3103013567837507 0.0 0.32575137809366855 0.2968548401990148 0.33297604873227443 0.277817629721384 0.2381623875020924 0.3006112528149967 0.20778542531392666 0.3153004549192396 0.30782438966023773 0.31535773962946684 0.31167967328228846 0.3106936072823003 0.31800460527873436 0.33447971546044547 0.3135348592066541 0.312288118723889 0.24665676396239045 0.30791571485149427 0.3065604704670195 0.30335861771397477 0.30607275424099034 0.32624461194730525 0.3223919449933379 0.309297424006372 0.309934554987898 0.31712455568215914 0.3095108116902847 0.2736287890354771 0.321070684549899 0.32147273094685697 0.3095285058834843 0.3105412323452841 0.31694236863001835 0.3196504210636073 0.26731710300129474 0.3020713298206094 0.32178174444686086 0.3119792500817022 0.31111250577081306 0.31222791532043026 0.3204427645887209 
G000374845.fna 0.327769578446515 0.32390924650966535 0.3154471981766618 0.3206309800798111 0.32575137809366855 0.0 0.33195764231211167 0.3561498447301542 0.32654836189673014 0.3272835996621888 0.3257030660398715 0.3200939729563451 0.33118952113184846 0.311666972281087 0.3132570830110911 0.33252296730137143 0.3094697231764656 0.31996761864550444 0.35215259731913373 0.3176253326785662 0.32072684172503707 0.3292234370789249 0.3198045742903468 0.33670161058385223 0.3005246065401466 0.32237073152211626 0.27379283795039927 0.26098038176513555 0.3101254303140154 0.3117817284232818 0.33668075509776413 0.32236318720839663 0.3243568644361563 0.33172517873449053 0.31270843178994 0.31690285052096284 0.31879806411498635 0.3201524856403607 0.32708036217110736 0.3103766929336271 0.33062645649680644 0.318971989130264 0.3291570864295654 0.31733053414237844 0.3207317618440041 0.31777391921399767 
G000377505.fna 0.277834734299209 0.310976722685118 0.2758956190595683 0.26462571154758313 0.2968548401990148 0.33195764231211167 0.0 0.3367709778419544 0.3150134510280802 0.31410357771985625 0.04966783497015598 0.29151861443656696 0.31726814626740685 0.27929689736882574 0.2809697222366385 0.27515270760710336 0.28125497320977716 0.3212220257105939 0.33674487589154256 0.28144808543665933 0.2988336735660288 0.3162459725401236 0.31505819007517283 0.31622712233600075 0.32046787990976877 0.31850599813985847 0.3236406273556151 0.3209647601842842 0.30606173932713915 0.3091975066779056 0.28150307546903797 0.3101202138975244 0.316464399684859 0.3181725877342194 0.30304953522544786 0.30910583339261744 0.27707304796527554 0.29858742759986323 0.2953908048163053 0.31160099875730346 0.31363783225899566 0.3000540932179544 0.31506220536353 0.28017943113534405 0.29837921346915586 0.2916803573013716 
G000378145.fna 0.33384458731372874 0.32588684123889955 0.33003763719181495 0.33359578168452786 0.33297604873227443 0.3561498447301542 0.3367709778419544 0.0 0.3380610001787191 0.3261545228584194 0.3332122721329211 0.32976755611716646 0.3306403123250994 0.3328909978646042 0.33528139717958705 0.3353434962611235 0.3335337058837603 0.3502539915518743 0.20664641874187994 0.33579983397881935 0.32881012249349845 0.3305764882287156 0.3243794121499672 0.3209510038111951 0.3375261296783474 0.32107740609287977 0.3515905258861415 0.3408784670358612 0.3355596380318147 0.3354608069109283 0.34229754413810565 0.3267321284931619 0.3307410164342593 0.30591944296245005 0.33545432494881383 0.3301230621354158 0.3330992806354208 0.33034047156771973 0.3311153885897141 0.34045968261191756 0.3329544642101418 0.33368674838221685 0.32160872558679954 0.3320397101773139 0.3288129549302638 0.3341855764521925 
G000381905.fna 0.3151066374488767 0.2984344700075348 0.31107533185459546 0.3134482709367525 0.277817629721384 0.32654836189673014 0.3150134510280802 0.3380610001787191 0.0 0.2712663738344083 0.3103169015315776 0.27389017507807184 0.3140497920380862 0.3123395819372093 0.3188197410210717 0.3179663758599819 0.31201536128825325 0.3233037896570724 0.33862194643766763 0.3174594299213134 0.315074239789489 0.2638129581511074 0.307701356052413 0.31497620716215613 0.32334137800922086 0.303582532850902 0.29707961140804623 0.32271294933053685 0.286947108339847 0.2895469911132205 0.32604194875885734 0.3058086228691419 0.17052140110771924 0.32762972808516566 0.318571739720076 0.3058647400756011 0.3150805740858982 0.3207141095132286 0.32790550750670366 0.2684060027263511 0.31690017134594006 0.3211452733562049 0.3137850281425491 0.31464471995762955 0.3032122963639082 0.32021441790077065 
G000403375.fna 0.2881403468471189 0.27965309685188705 0.2910984518229355 0.29542496828846776 0.2381623875020924 0.3272835996621888 0.31410357771985625 0.3261545228584194 0.2712663738344083 0.0 0.31482709450016966 0.2603249027609136 0.2922315610520579 0.29736982224973063 0.2988053348548322 0.3009970601293358 0.2960597188165596 0.29604732366441816 0.30228903494385073 0.31817996022218925 0.29263106919210896 0.2161353446432336 0.2807486731624107 0.2766747797804696 0.29634081434240767 0.2503092093643508 0.29816122276581963 0.30122153652307304 0.2850737505353922 0.30685507705913384 0.31959372079207693 0.2842334516933326 0.24278807630915314 0.2958617821777502 0.30080658610851796 0.28245204159822884 0.307884426643728 0.2951758913030631 0.31834264395141165 0.26848012973856095 0.31023858418174055 0.3222049524371055 0.30233581703455786 0.3153810250826217 0.30441414688548163 0.320380855173816 
G000426545.fna 0.2749331982745044 0.3053735065757774 0.27465723051569 0.2788392891462077 0.3006112528149967 0.3257030660398715 0.04966783497015598 0.3332122721329211 0.3103169015315776 0.31482709450016966 0.0 0.29454359585836354 0.31920222428510814 0.2771538816793004 0.27777383522428045 0.2726032549809143 0.280451259458137 0.32010127329240234 0.33513245692183935 0.2779343522936537 0.2961685523930571 0.3036489536203145 0.3099497907214784 0.31589864652719807 0.31455074284005974 0.3178425917978339 0.3211017967635393 0.32056094376875 0.30749392155131133 0.3054779630719635 0.28039195030926245 0.3075138917767061 0.31433101137539315 0.31631390872362386 0.29983866556192124 0.30511866901816886 0.2743437271905447 0.2993844735692013 0.2947264829894474 0.31365954328954865 0.3093611224275053 0.30062189551398566 0.3134203654364128 0.27772549367784644 0.29663414593333254 0.29890655958667683 
G000455265.fna 0.2962492588042513 0.2873257638060773 0.29741564664063147 0.29595205967505034 0.20778542531392666 0.3200939729563451 0.29151861443656696 0.32976755611716646 0.27389017507807184 0.2603249027609136 0.29454359585836354 0.0 0.30463808401042547 0.30558700859686144 0.3065693031107772 0.30484101775577593 0.3059141460467141 0.30581208314870817 0.31443150036990675 0.31286598695835954 0.30148393705952026 0.23949680849232907 0.29029981836442253 0.2918288551677442 0.2886507783784682 0.2930417375401305 0.30618968791264867 0.30299707904082396 0.28479974913677386 0.2946405214669743 0.31850107063225364 0.2933533388631884 0.26214579352807715 0.3030061650655938 0.2903956725112281 0.2921409877361285 0.31210717585988057 0.3031773585054588 0.3229162147055914 0.2606129692753547 0.2937421024140279 0.3222475395848156 0.3082506430818346 0.3102366598091068 0.3103873905601687 0.31949631084861463 
G000520635.fna 0.28439279890032354 0.29377860423827284 0.28980666702662605 0.29342069490504685 0.3153004549192396 0.33118952113184846 0.31726814626740685 0.3306403123250994 0.3140497920380862 0.2922315610520579 0.31920222428510814 0.30463808401042547 0.0 0.2819059124780735 0.3012844887582238 0.28891568682334406 0.2958131733448338 0.30795483640140003 0.3131854111061163 0.3089931003182059 0.3111730663919394 0.2900178663149525 0.08564472794038205 0.21314713781868447 0.26409771928294457 0.2897900497743954 0.2942701174924407 0.265798160017099 0.2989966617479911 0.3085988881016495 0.3172107635323117 0.30044486316781255 0.29370378092213106 0.31532740787996316 0.3083211034356582 0.2988706828341786 0.3035669246236562 0.310454743844142 0.3293815080718018 0.30043604322830364 0.2558763058777963 0.32951802394472113 0.096427660326592 0.3086302546325709 0.31874053396303825 0.3280096634325951 
G000520755.fna 0.13477136221766517 0.29878023245687396 0.09809530304661376 0.0958058308888825 0.30782438966023773 0.311666972281087 0.27929689736882574 0.3328909978646042 0.3123395819372093 0.29736982224973063 0.2771538816793004 0.30558700859686144 0.2819059124780735 0.0 0.126542253468405 0.13438283669097414 0.13060920230895315 0.293206414769582 0.3217485853039743 0.12797441593693323 0.2873667329249141 0.3002223786621093 0.2520242237887398 0.2992235285183994 0.29761799108021486 0.298131522244397 0.27725813661934495 0.28861245838426364 0.2914100498464703 0.3058719797209736 0.12640339503946366 0.2933923487977613 0.2991212526258154 0.29638544243745385 0.2823926461080004 0.2909872200386149 0.09603419733138799 0.2869209523292878 0.2972024518538957 0.30127903271562795 0.29994670682474145 0.29848415935926786 0.29785977597598584 0.12722657596220377 0.2954038215488488 0.29688894738505955 
G000520775.fna 0.10613143544467882 0.3009436809283155 0.11877658047218108 0.12370829679697852 0.31535773962946684 0.3132570830110911 0.2809697222366385 0.33528139717958705 0.3188197410210717 0.2988053348548322 0.27777383522428045 0.3065693031107772 0.3012844887582238 0.126542253468405 0.0 0.10523512812685047 0.11749416471473983 0.29684138282120054 0.32272542411264754 0.03699058902823239 0.2765257476163316 0.29730164121791347 0.291023705887541 0.30200986995183005 0.28726065871124895 0.3018448716173678 0.2791494155081377 0.29656753382463497 0.29117805045286027 0.3033969564858724 0.04653754996842356 0.2935991368741794 0.3033326387489033 0.2979379334128534 0.27713141550868997 0.2919054916107705 0.11976728793474048 0.2681180082411295 0.2919174275204056 0.30473077219290967 0.2988930567271125 0.2876368306497383 0.29940935792673773 0.03714363718085755 0.2996288564367976 0.28725395471737597 
G000520795.fna 0.02840712393071821 0.2953621907356628 0.13970241163623165 0.13654915507018275 0.31167967328228846 0.33252296730137143 0.27515270760710336 0.3353434962611235 0.3179663758599819 0.3009970601293358 0.2726032549809143 0.30484101775577593 0.28891568682334406 0.13438283669097414 0.10523512812685047 0.0 0.1389008289417072 0.2988330400973635 0.32263926459644754 0.1053580265487587 0.2901424989001206 0.29499223629196497 0.29518447048008734 0.3019806667177698 0.2983804352530649 0.30351097425519 0.2922841777552211 0.2994282856870078 0.29649663076243954 0.3085409513466769 0.1047867220009115 0.29246235186539205 0.29852475971456044 0.2975679560526795 0.28097937938584816 0.2936459892989082 0.13507379839865513 0.26964568073350587 0.2946644991792907 0.30966008302664005 0.28225157325335426 0.293787655104135 0.31410104430773755 0.1055669495413876 0.2955213927776652 0.29384122019873915 
G000520815.fna 0.13782980035910125 0.2969888931265683 0.13690988474263757 0.13388550786627074 0.3106936072823003 0.3094697231764656 0.28125497320977716 0.3335337058837603 0.31201536128825325 0.2960597188165596 0.280451259458137 0.3059141460467141 0.2958131733448338 0.13060920230895315 0.11749416471473983 0.1389008289417072 0.0 0.2904659602081871 0.31699461615549285 0.11765963927249673 0.28881610956557624 0.2964368204430473 0.28163949398058324 0.29508205139107807 0.292018072741111 0.2974706410280443 0.28135513851969557 0.29571072179985114 0.2897816310553521 0.30172758953717344 0.11887814617365677 0.2910033253296271 0.30108747496541555 0.2949339701133896 0.2846422026397516 0.2900470400168715 0.13012474520322626 0.2615961678145479 0.2897198750877171 0.3021589871491637 0.3009266589615867 0.2943001433676513 0.30120186429817825 0.11635307569913564 0.29713687499488595 0.2945104380935406 
G000576305.fna 0.2888884258198507 0.29352895289291286 0.2901972913131317 0.29564223838024 0.31800460527873436 0.31996761864550444 0.3212220257105939 0.3502539915518743 0.3233037896570724 0.29604732366441816 0.32010127329240234 0.30581208314870817 0.30795483640140003 0.293206414769582 0.29684138282120054 0.2988330400973635 0.2904659602081871 0.0 0.3223728363231284 0.3081461111151471 0.29405747439519037 0.3048915189503273 0.29645985738351627 0.298866648706155 0.27767644409027736 0.2666092722263335 0.25714387218323304 0.2700918515267765 0.2770624966737926 0.2901956213419803 0.31120758622800726 0.28262526325963966 0.3006349862577653 0.30153762202239176 0.2892620667818829 0.28271919008451973 0.3038328470785495 0.27599212557007424 0.31034754450834834 0.30847454994924933 0.3130404964596736 0.29536469389940373 0.3142112932032661 0.30714571361581255 0.3045864278542066 0.293329530267863 
G000585395.fna 0.3126569956806625 0.30705741958776395 0.31530062223095146 0.3178401497827172 0.33447971546044547 0.35215259731913373 0.33674487589154256 0.20664641874187994 0.33862194643766763 0.30228903494385073 0.33513245692183935 0.31443150036990675 0.3131854111061163 0.3217485853039743 0.32272542411264754 0.32263926459644754 0.31699461615549285 0.3223728363231284 0.0 0.33871209081215325 0.31834974927639653 0.3026040021071672 0.3047936597234544 0.2981277323885865 0.31538502451391404 0.29977350238897604 0.32334081180998175 0.32207164199662025 0.31463927809707765 0.3366288741385792 0.3464930829065385 0.31546459039613667 0.31181038601776456 0.29784180225905194 0.31550115209826834 0.3107452822138128 0.3292698634380112 0.30992573457974826 0.33073207797897214 0.3435025170678285 0.3300012823879502 0.3358698415802128 0.3219198403107439 0.33468587857981597 0.33569438842369376 0.3324675736289994 
G000686825.fna 0.10619405664486588 0.31195864081645736 0.12828151784696926 0.12788598441556595 0.3135348592066541 0.3176253326785662 0.28144808543665933 0.33579983397881935 0.3174594299213134 0.31817996022218925 0.2779343522936537 0.31286598695835954 0.3089931003182059 0.12797441593693323 0.03699058902823239 0.1053580265487587 0.11765963927249673 0.3081461111151471 0.33871209081215325 0.0 0.2977390229300606 0.31033359227239177 0.3006064675091299 0.3209683241088736 0.29447623089375874 0.31469784811350054 0.28347792149701523 0.30451066644095703 0.3034244969781793 0.3013955761652361 0.048184029595714134 0.30418487026598506 0.3173919153073989 0.31034841091651644 0.2809686933398333 0.3023503965376263 0.122453121203453 0.27318382882895476 0.2932957463304771 0.30179821166402426 0.30033908414765703 0.28543360056437617 0.30200066776898554 0.01676231811812668 0.29750995227333926 0.2844257311120207 
G000732325.fna 0.28257433908716595 0.2853624160896849 0.2706376178052817 0.2895523383446766 0.312288118723889 0.32072684172503707 0.2988336735660288 0.32881012249349845 0.315074239789489 0.29263106919210896 0.2961685523930571 0.30148393705952026 0.3111730663919394 0.2873667329249141 0.2765257476163316 0.2901424989001206 0.28881610956557624 0.29405747439519037 0.31834974927639653 0.2977390229300606 0.0 0.3019582124047747 0.2998366759575845 0.24238915480941986 0.29985870101354767 0.28745631097067254 0.2985454122412306 0.3036941528418264 0.2895725026076472 0.2978704915115837 0.30220802975951994 0.2827390949905656 0.29646186053826673 0.29537355431644285 0.2806956447058105 0.28339250784587167 0.2934396442318775 0.2795273213396361 0.2912558989961808 0.3100104186649161 0.3204700838717394 0.29310241915593477 0.31476212408276816 0.29706550682729393 0.11436648594766213 0.2898414340442386 
G000746875.fna 0.28594298073286606 0.25353247956624414 0.27523959308307666 0.2820919747379239 0.24665676396239045 0.3292234370789249 0.3162459725401236 0.3305764882287156 0.2638129581511074 0.2161353446432336 0.3036489536203145 0.23949680849232907 0.2900178663149525 0.3002223786621093 0.29730164121791347 0.29499223629196497 0.2964368204430473 0.3048915189503273 0.3026040021071672 0.31033359227239177 0.3019582124047747 0.0 0.28061532233784436 0.2724789565015307 0.3003483967229928 0.26709891808078073 0.30479821553835457 0.3066087962028814 0.28526929443084154 0.3013248839021354 0.3156913901988529 0.2968275191078107 0.2197959197554348 0.30330694383568124 0.29763346031517046 0.29117161263940916 0.29482851412632616 0.3031647318549049 0.3299508256603849 0.26482208941791063 0.282175408620493 0.32624495076412985 0.2887934337077802 0.30974949895439674 0.30585969579091216 0.32512333438042623 
G000756615.fna 0.28233575155673746 0.2828040976272398 0.2819457575592885 0.29092932878794375 0.30791571485149427 0.3198045742903468 0.31505819007517283 0.3243794121499672 0.307701356052413 0.2807486731624107 0.3099497907214784 0.29029981836442253 0.08564472794038205 0.2520242237887398 0.291023705887541 0.29518447048008734 0.28163949398058324 0.29645985738351627 0.3047936597234544 0.3006064675091299 0.2998366759575845 0.28061532233784436 0.0 0.20838681835371942 0.2606011377559541 0.28139000265498115 0.28741713044043593 0.2626905628052275 0.29198978850314417 0.31271308848715956 0.3167372833395775 0.29009532050525766 0.28927316943900805 0.2961732587250094 0.3035888102441005 0.2847595370211421 0.29426497654839245 0.2966645917522065 0.323633706975276 0.30290749618178237 0.25475753871303797 0.32667650679447974 0.08688012292183003 0.29779156309202914 0.31111000469362204 0.3233747198967788 
G000758685.fna 0.28853605282167166 0.28061653401074055 0.2940556785016652 0.2972936396717602 0.3065604704670195 0.33670161058385223 0.31622712233600075 0.3209510038111951 0.31497620716215613 0.2766747797804696 0.31589864652719807 0.2918288551677442 0.21314713781868447 0.2992235285183994 0.30200986995183005 0.3019806667177698 0.29508205139107807 0.298866648706155 0.2981277323885865 0.3209683241088736 0.24238915480941986 0.2724789565015307 0.20838681835371942 0.0 0.2672006224378862 0.2776627461941232 0.29506302594792877 0.26941640527759914 0.28954903355712824 0.31337478407776864 0.31916610906112947 0.2899654204427279 0.2885409187885289 0.29605957292126944 0.30312075850833387 0.28235425723619634 0.30954497207494297 0.2979443578292455 0.32347602025896427 0.3062607511096188 0.24923104199262475 0.32593295749999013 0.21569073324944016 0.3173822855949419 0.3122229523797223 0.3229292734089194 
G000758725.fna 0.284869092305265 0.2951081613569231 0.29542708688363095 0.29663516927484257 0.30335861771397477 0.3005246065401466 0.32046787990976877 0.3375261296783474 0.32334137800922086 0.29634081434240767 0.31455074284005974 0.2886507783784682 0.26409771928294457 0.29761799108021486 0.28726065871124895 0.2983804352530649 0.292018072741111 0.27767644409027736 0.31538502451391404 0.29447623089375874 0.29985870101354767 0.3003483967229928 0.2606011377559541 0.2672006224378862 0.0 0.2994719704159011 0.26653299264340113 0.12790003964945168 0.28618886084407696 0.29733065597509684 0.3163631827558252 0.28930851934780116 0.299010200464271 0.29693033251349504 0.28090933089692427 0.286381566972865 0.3081542749457976 0.2821908095779182 0.31394831603915285 0.2975820575004613 0.2260242450670888 0.2873288415503332 0.27075088320525886 0.29345718540578575 0.3075750482221047 0.2820423589088968 
G000787385.fna 0.2950660320756703 0.2509314961293416 0.2952483626353384 0.2991299577214901 0.30607275424099034 0.32237073152211626 0.31850599813985847 0.32107740609287977 0.303582532850902 0.2503092093643508 0.3178425917978339 0.2930417375401305 0.2897900497743954 0.298131522244397 0.3018448716173678 0.30351097425519 0.2974706410280443 0.2666092722263335 0.29977350238897604 0.31469784811350054 0.28745631097067254 0.26709891808078073 0.28139000265498115 0.2776627461941232 0.2994719704159011 0.0 0.29363302306593353 0.3006383824563787 0.27318547263107607 0.28584130430081456 0.3170377929969131 0.27746503283203705 0.2651160329862653 0.30137956609494015 0.29992649548358363 0.2741919323827863 0.3088718614722272 0.29626670299870883 0.31461136012194013 0.31091342646413833 0.30355247312419875 0.31444139434861273 0.29207920019331685 0.31250619549978176 0.30485588548320264 0.31210861255691214 
G000949425.fna 0.2784702321145709 0.29728171335955444 0.28581034389131293 0.2878837263039621 0.32624461194730525 0.27379283795039927 0.3236406273556151 0.3515905258861415 0.29707961140804623 0.29816122276581963 0.3211017967635393 0.30618968791264867 0.2942701174924407 0.27725813661934495 0.2791494155081377 0.2922841777552211 0.28135513851969557 0.25714387218323304 0.32334081180998175 0.28347792149701523 0.2985454122412306 0.30479821553835457 0.28741713044043593 0.29506302594792877 0.26653299264340113 0.29363302306593353 0.0 0.24052734176333698 0.2690453913386369 0.2737513312793204 0.31056029054617734 0.2864590154453758 0.2828350465689278 0.296906249025792 0.2874126702712439 0.28155047483005496 0.28961798316269777 0.2821664105247108 0.32389874993219026 0.2870640057902244 0.3050692593627342 0.2949743707731461 0.3073371759882589 0.2814527089584646 0.29350304095295865 0.29367139647595836 
G001012825.fna 0.2936547555446362 0.3004178115829117 0.2925614856957465 0.2904959494332427 0.3223919449933379 0.26098038176513555 0.3209647601842842 0.3408784670358612 0.32271294933053685 0.30122153652307304 0.32056094376875 0.30299707904082396 0.265798160017099 0.28861245838426364 0.29656753382463497 0.2994282856870078 0.29571072179985114 0.2700918515267765 0.32207164199662025 0.30451066644095703 0.3036941528418264 0.3066087962028814 0.2626905628052275 0.26941640527759914 0.12790003964945168 0.3006383824563787 0.24052734176333698 0.0 0.2782500055749221 0.283386648596019 0.31826979520744236 0.294153097456024 0.3049241460423837 0.3009882583537426 0.2676939323633177 0.29009513036576545 0.2998225911701507 0.2847883260411874 0.3175394984343378 0.29576129878288154 0.23200909123464014 0.2964225502806995 0.2689200902205408 0.3034721001935564 0.31909761653005597 0.2939537307390391 
G001275645.fna 0.2875371713198111 0.20689516676930542 0.2878345184320001 0.2941278841863384 0.309297424006372 0.3101254303140154 0.30606173932713915 0.3355596380318147 0.286947108339847 0.2850737505353922 0.30749392155131133 0.28479974913677386 0.2989966617479911 0.2914100498464703 0.29117805045286027 0.29649663076243954 0.2897816310553521 0.2770624966737926 0.31463927809707765 0.3034244969781793 0.2895725026076472 0.28526929443084154 0.29198978850314417 0.28954903355712824 0.28618886084407696 0.27318547263107607 0.2690453913386369 0.2782500055749221 0.0 0.04137801189165152 0.31112633867011963 0.23825265001137674 0.27498467610660093 0.29648149143197905 0.273782232735845 0.17266520269273353 0.29924347460338835 0.28172460013818884 0.3133593358978006 0.29730555857386776 0.30854706339327703 0.2979487507448494 0.3072434048964118 0.30183056212042025 0.2881610034642939 0.2974768815188509 
G001277345.fna 0.3072253518601601 0.21062207474206707 0.3059798308649975 0.3092308761377001 0.309934554987898 0.3117817284232818 0.3091975066779056 0.3354608069109283 0.2895469911132205 0.30685507705913384 0.3054779630719635 0.2946405214669743 0.3085988881016495 0.3058719797209736 0.3033969564858724 0.3085409513466769 0.30172758953717344 0.2901956213419803 0.3366288741385792 0.3013955761652361 0.2978704915115837 0.3013248839021354 0.31271308848715956 0.31337478407776864 0.29733065597509684 0.28584130430081456 0.2737513312793204 0.283386648596019 0.04137801189165152 0.0 0.31059830935661226 0.2449938250466909 0.2857455943028194 0.32318385224805385 0.2908836764803319 0.17187748573283312 0.30373125944142504 0.30085753226768264 0.3105139799142661 0.29816407979075266 0.31054414947844566 0.2883655122163118 0.30866178749759815 0.300159578808604 0.2908951209914442 0.2949953136056921 
G001277855.fna 0.10484140086539785 0.318907361071577 0.1302036798558684 0.12870749684256724 0.31712455568215914 0.33668075509776413 0.28150307546903797 0.34229754413810565 0.32604194875885734 0.31959372079207693 0.28039195030926245 0.31850107063225364 0.3172107635323117 0.12640339503946366 0.04653754996842356 0.1047867220009115 0.11887814617365677 0.31120758622800726 0.3464930829065385 0.048184029595714134 0.30220802975951994 0.3156913901988529 0.3167372833395775 0.31916610906112947 0.3163631827558252 0.3170377929969131 0.31056029054617734 0.31826979520744236 0.31112633867011963 0.31059830935661226 0.0 0.3100986879653441 0.3216759800877538 0.31724891819080536 0.2879819892677569 0.3088552521665083 0.12518614020977015 0.2765339494176308 0.2970777939792888 0.3090928109668718 0.2965082931020553 0.29693798649858444 0.3119608727135867 0.04820076679685656 0.3006293578985272 0.29439806240030436 
G001373415.fna 0.28493761479666946 0.2432547560035635 0.2854793094369311 0.28767701050764843 0.3095108116902847 0.32236318720839663 0.3101202138975244 0.3267321284931619 0.3058086228691419 0.2842334516933326 0.3075138917767061 0.2933533388631884 0.30044486316781255 0.2933923487977613 0.2935991368741794 0.29246235186539205 0.2910033253296271 0.28262526325963966 0.31546459039613667 0.30418487026598506 0.2827390949905656 0.2968275191078107 0.29009532050525766 0.2899654204427279 0.28930851934780116 0.27746503283203705 0.2864590154453758 0.294153097456024 0.23825265001137674 0.2449938250466909 0.3100986879653441 0.0 0.28901618318607114 0.29200887222352345 0.2896608537190545 0.23727775080763677 0.2997199980393534 0.28756955267755036 0.3071164738037105 0.30196832120196454 0.3116455846674425 0.3072583246539029 0.3068093294774511 0.3018780113408728 0.29377876443417794 0.3030927577089962 
G001403875.fna 0.2888229989377661 0.20150771454236754 0.29687927570258954 0.30015791237878003 0.2736287890354771 0.3243568644361563 0.316464399684859 0.3307410164342593 0.17052140110771924 0.24278807630915314 0.31433101137539315 0.26214579352807715 0.29370378092213106 0.2991212526258154 0.3033326387489033 0.29852475971456044 0.30108747496541555 0.3006349862577653 0.31181038601776456 0.3173919153073989 0.29646186053826673 0.2197959197554348 0.28927316943900805 0.2885409187885289 0.299010200464271 0.2651160329862653 0.2828350465689278 0.3049241460423837 0.27498467610660093 0.2857455943028194 0.3216759800877538 0.28901618318607114 0.0 0.29901988050667283 0.3009718073692374 0.28214928514033777 0.31221222067733395 0.30196353462542236 0.32771982374227465 0.26726763240898793 0.3132162166455124 0.3231710004164315 0.3071613018573325 0.31509823970799694 0.306166379984231 0.3211187337248762 
G001421015.fna 0.28630294954835706 0.3005064784372584 0.2924972229073553 0.29390603424788264 0.321070684549899 0.33172517873449053 0.3181725877342194 0.30591944296245005 0.32762972808516566 0.2958617821777502 0.31631390872362386 0.3030061650655938 0.31532740787996316 0.29638544243745385 0.2979379334128534 0.2975679560526795 0.2949339701133896 0.30153762202239176 0.29784180225905194 0.31034841091651644 0.29537355431644285 0.30330694383568124 0.2961732587250094 0.29605957292126944 0.29693033251349504 0.30137956609494015 0.296906249025792 0.3009882583537426 0.29648149143197905 0.32318385224805385 0.31724891819080536 0.29200887222352345 0.29901988050667283 0.0 0.2972447814543614 0.2921694921547653 0.30525080513377256 0.28694314390823156 0.30704242367596823 0.31983828574647916 0.3218327597020746 0.31080131014702506 0.32270579448373454 0.3089188647604746 0.3118823375439627 0.3091367805048838 
G001514495.fna 0.27512984575783794 0.28826444263404766 0.2890877099783226 0.28890336407484457 0.32147273094685697 0.31270843178994 0.30304953522544786 0.33545432494881383 0.318571739720076 0.30080658610851796 0.29983866556192124 0.2903956725112281 0.3083211034356582 0.2823926461080004 0.27713141550868997 0.28097937938584816 0.2846422026397516 0.2892620667818829 0.31550115209826834 0.2809686933398333 0.2806956447058105 0.29763346031517046 0.3035888102441005 0.30312075850833387 0.28090933089692427 0.29992649548358363 0.2874126702712439 0.2676939323633177 0.273782232735845 0.2908836764803319 0.2879819892677569 0.2896608537190545 0.3009718073692374 0.2972447814543614 0.0 0.2885705383351978 0.2955927069505405 0.15273270208540982 0.19061940144766304 0.31620808746413254 0.29192518432678444 0.10780444208692622 0.3267448660512239 0.28026658154754747 0.28694822273971304 0.10664173928653435 
G001632305.fna 0.28297146236317705 0.19933677283146733 0.2884691096065381 0.2901289364973988 0.3095285058834843 0.31690285052096284 0.30910583339261744 0.3301230621354158 0.3058647400756011 0.28245204159822884 0.30511866901816886 0.2921409877361285 0.2988706828341786 0.2909872200386149 0.2919054916107705 0.2936459892989082 0.2900470400168715 0.28271919008451973 0.3107452822138128 0.3023503965376263 0.28339250784587167 0.29117161263940916 0.2847595370211421 0.28235425723619634 0.286381566972865 0.2741919323827863 0.28155047483005496 0.29009513036576545 0.17266520269273353 0.17187748573283312 0.3088552521665083 0.23727775080763677 0.28214928514033777 0.2921694921547653 0.2885705383351978 0.0 0.2987728566520817 0.282922215978189 0.31328197063163543 0.3029128039023219 0.30564527872165986 0.2964859922334784 0.3056047939975095 0.30089048878393065 0.2845405836431317 0.29481347432457733 
G001705305.fna 0.13543136525231386 0.30676937692896156 0.06538949007261086 0.05816358601309865 0.3105412323452841 0.31879806411498635 0.27707304796527554 0.3330992806354208 0.3150805740858982 0.307884426643728 0.2743437271905447 0.31210717585988057 0.3035669246236562 0.09603419733138799 0.11976728793474048 0.13507379839865513 0.13012474520322626 0.3038328470785495 0.3292698634380112 0.122453121203453 0.2934396442318775 0.29482851412632616 0.29426497654839245 0.30954497207494297 0.3081542749457976 0.3088718614722272 0.28961798316269777 0.2998225911701507 0.29924347460338835 0.30373125944142504 0.12518614020977015 0.2997199980393534 0.31221222067733395 0.30525080513377256 0.2955927069505405 0.2987728566520817 0.0 0.2709177531139998 0.29392531344175904 0.3069074332545165 0.30674488667683986 0.297856658898476 0.30371209612755407 0.12293002527837157 0.29601398710623883 0.29726835393743606 
G001908275.fna 0.25869075229544053 0.29141346414613245 0.2826644446574702 0.284757412101101 0.31694236863001835 0.3201524856403607 0.29858742759986323 0.33034047156771973 0.3207141095132286 0.2951758913030631 0.2993844735692013 0.3031773585054588 0.310454743844142 0.2869209523292878 0.2681180082411295 0.26964568073350587 0.2615961678145479 0.27599212557007424 0.30992573457974826 0.27318382882895476 0.2795273213396361 0.3031647318549049 0.2966645917522065 0.2979443578292455 0.2821908095779182 0.29626670299870883 0.2821664105247108 0.2847883260411874 0.28172460013818884 0.30085753226768264 0.2765339494176308 0.28756955267755036 0.30196353462542236 0.28694314390823156 0.15273270208540982 0.282922215978189 0.2709177531139998 0.0 0.17622800242015338 0.31568975534226335 0.31671152396683766 0.15018652872138125 0.3227017423506424 0.271878530107026 0.2884133251229564 0.14893294707162885 
G900102085.fna 0.2905659323766737 0.31722657349504824 0.29911119115960644 0.30011999136225864 0.3196504210636073 0.32708036217110736 0.2953908048163053 0.3311153885897141 0.32790550750670366 0.31834264395141165 0.2947264829894474 0.3229162147055914 0.3293815080718018 0.2972024518538957 0.2919174275204056 0.2946644991792907 0.2897198750877171 0.31034754450834834 0.33073207797897214 0.2932957463304771 0.2912558989961808 0.3299508256603849 0.323633706975276 0.32347602025896427 0.31394831603915285 0.31461136012194013 0.32389874993219026 0.3175394984343378 0.3133593358978006 0.3105139799142661 0.2970777939792888 0.3071164738037105 0.32771982374227465 0.30704242367596823 0.19061940144766304 0.31328197063163543 0.29392531344175904 0.17622800242015338 0.0 0.3173630238525712 0.3222266015815509 0.18986786152504243 0.3271051303588581 0.2924051880193644 0.2919709255942916 0.18844125523884847 
G900102215.fna 0.3028821748960007 0.3114711125202298 0.30513117114607513 0.30872761924947206 0.26731710300129474 0.3103766929336271 0.31160099875730346 0.34045968261191756 0.2684060027263511 0.26848012973856095 0.31365954328954865 0.2606129692753547 0.30043604322830364 0.30127903271562795 0.30473077219290967 0.30966008302664005 0.3021589871491637 0.30847454994924933 0.3435025170678285 0.30179821166402426 0.3100104186649161 0.26482208941791063 0.30290749618178237 0.3062607511096188 0.2975820575004613 0.31091342646413833 0.2870640057902244 0.29576129878288154 0.29730555857386776 0.29816407979075266 0.3090928109668718 0.30196832120196454 0.26726763240898793 0.31983828574647916 0.31620808746413254 0.3029128039023219 0.3069074332545165 0.31568975534226335 0.3173630238525712 0.0 0.2973101410829384 0.3179936411066629 0.26896226317817407 0.3003516693126559 0.29548499839614617 0.31535535642193835 
G900102965.fna 0.28215600710629984 0.3041535037906057 0.3092357566831772 0.304930206567911 0.3020713298206094 0.33062645649680644 0.31363783225899566 0.3329544642101418 0.31690017134594006 0.31023858418174055 0.3093611224275053 0.2937421024140279 0.2558763058777963 0.29994670682474145 0.2988930567271125 0.28225157325335426 0.3009266589615867 0.3130404964596736 0.3300012823879502 0.30033908414765703 0.3204700838717394 0.282175408620493 0.25475753871303797 0.24923104199262475 0.2260242450670888 0.30355247312419875 0.3050692593627342 0.23200909123464014 0.30854706339327703 0.31054414947844566 0.2965082931020553 0.3116455846674425 0.3132162166455124 0.3218327597020746 0.29192518432678444 0.30564527872165986 0.30674488667683986 0.31671152396683766 0.3222266015815509 0.2973101410829384 0.0 0.3156799844945565 0.2548316401838305 0.2990935743245326 0.32191535904195384 0.31314530197034995 
G900107875.fna 0.28849454267466107 0.31368278150932416 0.2977976898102409 0.29671605088358816 0.32178174444686086 0.318971989130264 0.3000540932179544 0.33368674838221685 0.3211452733562049 0.3222049524371055 0.30062189551398566 0.3222475395848156 0.32951802394472113 0.29848415935926786 0.2876368306497383 0.293787655104135 0.2943001433676513 0.29536469389940373 0.3358698415802128 0.28543360056437617 0.29310241915593477 0.32624495076412985 0.32667650679447974 0.32593295749999013 0.2873288415503332 0.31444139434861273 0.2949743707731461 0.2964225502806995 0.2979487507448494 0.2883655122163118 0.29693798649858444 0.3072583246539029 0.3231710004164315 0.31080131014702506 0.10780444208692622 0.2964859922334784 0.297856658898476 0.15018652872138125 0.18986786152504243 0.3179936411066629 0.3156799844945565 0.0 0.3244060492048435 0.28622538856524615 0.2871438244040446 0.027601975684913772 
G900110315.fna 0.309975505386454 0.30011829297015474 0.3061362560022736 0.30569672453006763 0.3119792500817022 0.3291570864295654 0.31506220536353 0.32160872558679954 0.3137850281425491 0.30233581703455786 0.3134203654364128 0.3082506430818346 0.096427660326592 0.29785977597598584 0.29940935792673773 0.31410104430773755 0.30120186429817825 0.3142112932032661 0.3219198403107439 0.30200066776898554 0.31476212408276816 0.2887934337077802 0.08688012292183003 0.21569073324944016 0.27075088320525886 0.29207920019331685 0.3073371759882589 0.2689200902205408 0.3072434048964118 0.30866178749759815 0.3119608727135867 0.3068093294774511 0.3071613018573325 0.32270579448373454 0.3267448660512239 0.3056047939975095 0.30371209612755407 0.3227017423506424 0.3271051303588581 0.26896226317817407 0.2548316401838305 0.3244060492048435 0.0 0.3013019722776754 0.31313358546786885 0.32112747340683817 
G900116035.fna 0.10495666176598309 0.3109971419833513 0.1284706486207779 0.12659241013062839 0.31111250577081306 0.31733053414237844 0.28017943113534405 0.3320397101773139 0.31464471995762955 0.3153810250826217 0.27772549367784644 0.3102366598091068 0.3086302546325709 0.12722657596220377 0.03714363718085755 0.1055669495413876 0.11635307569913564 0.30714571361581255 0.33468587857981597 0.01676231811812668 0.29706550682729393 0.30974949895439674 0.29779156309202914 0.3173822855949419 0.29345718540578575 0.31250619549978176 0.2814527089584646 0.3034721001935564 0.30183056212042025 0.300159578808604 0.04820076679685656 0.3018780113408728 0.31509823970799694 0.3089188647604746 0.28026658154754747 0.30089048878393065 0.12293002527837157 0.271878530107026 0.2924051880193644 0.3003516693126559 0.2990935743245326 0.28622538856524615 0.3013019722776754 0.0 0.2948983169633639 0.28464246091705286 
