86
G000011225 0.0 0.34778638935865436 0.34259553936021403 0.34181413601625116 0.34224263875790795 0.3485294883883207 0.34183033489782433 0.349017242278824 0.3247757670491007 0.35818954872380626 0.3415592607727588 0.33707416642315624 0.20997105399501237 0.33506775097294333 0.3599322746478541 0.3427278106194555 0.35142950100196996 0.3423360897255775 0.35527360700913885 0.34890644330060705 0.34956403905575834 0.3622362882505411 5.0 0.3591974674228645 0.31914687884368187 0.3202877609872119 0.37406777452430795 0.3385468017088403 0.3926899251929513 0.3812088695550375 0.4084886860227508 5.0 0.5063036863214605 0.40447947860538014 0.41091194082491045 0.3629207604311193 5.0 0.40974151306206097 0.31929703315276536 0.3696445200605043 0.5091713562409677 0.33764923293311566 0.3167059991616528 0.35317143402382767 0.3340618230666317 0.2572445800326643 0.33449133410995474 0.31992516832856793 0.327674970135131 0.3312275219502445 0.38821900886078486 0.38821722314855645 0.35016871398856375 0.2635734206706519 0.34427151470299167 0.4247794703408803 0.443493215681967 0.3430749576546564 0.3320523475030179 0.3469586120339204 0.3293070917177318 0.34981813822219543 0.32234477783174914 0.31153028460955207 0.34286945294217575 0.31951140440369075 0.35270222551708874 0.3593811298020768 0.3458409450121689 0.3537221781786935 5.0 0.35977800982319474 0.42617464069945465 0.42534406983858053 0.366604639708674 0.353797090654537 0.3712419115858764 0.34522669145199314 0.33888386121380526 0.45034553833601226 0.34497206677170505 0.43159381344209335 0.4315772258511926 0.39242764138023967 0.34722406737165395 0.33674980495034657 
G000154285 0.34778638935865436 0.0 0.2516709317669887 0.2744266133877333 0.21877909666055542 0.1764851174451898 0.2000003623249506 0.2860606799739924 0.26660424325930127 0.21109535340960467 0.2701159266205205 0.14178452599057145 0.3438095652243154 0.30768955583201324 0.19298202275673645 0.20353620724592728 0.2535679120023843 0.2640794553546454 0.2217713645702642 0.2594818256520303 0.27962238683740337 0.1894287090230477 0.3274487769490768 0.2529638697579938 0.297714998499409 0.2977905623047645 0.24319295723107248 0.23495478095651978 0.2853966321549444 0.31191797075525945 0.3086570575120229 0.3963619283266366 0.2649478153967744 0.22725558564891113 0.356860461016307 0.3181799768551769 0.010716672257445091 0.31757896436188937 0.3052392819195912 0.22175120419989944 0.19550857895475077 0.3107118631886426 0.30599817311718513 0.24378791282280873 0.31623423798317185 0.3303046772747657 0.30869648492031276 0.30587292531023363 0.29939991732033033 0.3062904529041897 0.2911112472198959 0.2925946822888451 0.29651690141097 0.3316578269752426 0.28009813202450956 0.3170115029779841 0.3293063883312331 0.27883486075638075 0.3058675132145988 0.2816997919234338 0.30188203093839827 0.28911581241754736 0.3052986682979865 0.30523075173405784 0.3075856489809468 0.30686812410941455 0.24845149947722492 0.1580234522425071 0.2732418555880821 0.2552807746839715 0.4307177568876802 0.2129407163437298 0.3417280494680887 0.34725227809424997 0.26253102852975463 0.25695125000548275 0.24586551713874488 0.28040771297896855 0.17317287408083135 0.33011584934544946 0.2796816500799927 0.3291869490141373 0.3296700458951735 0.21988478348386323 0.2598920210286304 0.1719048527283456 
G000154485 0.34259553936021403 0.2516709317669887 0.0 0.1760952532647606 0.2800578617053241 0.3071115423785374 0.2951198721187892 0.25506212653040505 0.29513416555241556 0.3039836661271158 0.29872904721519594 0.2838080797348643 0.34839906520649555 0.3052084920675295 0.3043724244448429 0.2942482553485566 0.22680824658378346 0.2792164072434534 0.29484426779701445 0.3031829454133199 0.2646982029470613 0.30657940646475157 0.3263356246937389 0.2938742135733101 0.2993159848498708 0.299372512946787 0.2959690339238752 0.28825684592989703 0.31357864419730586 0.32520022576939833 0.34156181580358697 0.44155826900238804 0.31178343071922715 0.3468481742182955 0.3718956103054056 0.3156968373471888 0.3269359854945001 0.27831629566512506 0.303907894001217 0.3151518729806031 0.33577267506285413 0.3027821162490304 0.3072154853693943 0.29632297764907334 0.31591485156345744 0.3447075612294536 0.3088698324498386 0.3042676745173003 0.29768288614089145 0.3014555118013683 0.26604411684744894 0.26368103592492576 0.16892274147487335 0.3465410970471895 0.3116233096337698 0.2827165401517764 0.2912892377042045 0.20759183038580753 0.3049074826013324 0.23841977944502324 0.29762725094249437 0.21839073619477367 0.3168569665643294 0.3129488303847321 0.3046607375329998 0.30957738570169935 0.2965339299094931 0.30484842288266933 0.29591878221726037 0.3030470823056957 0.47543951378916527 0.30513798207229725 0.3829740683244504 0.38612241003585324 0.3055138189046827 0.3047342813077684 0.29928533812612845 0.25364381161595617 0.2665607910902665 0.29218017079280806 0.2525410017954752 0.2898728333112825 0.2898626325296243 0.3158603104219852 0.30228098214694665 0.2876707023702603 
G000154805 0.34181413601625116 0.2744266133877333 0.1760952532647606 0.0 0.2788338389384444 0.30689429765445964 0.2983542800539112 0.25032733577076705 0.2880109979864468 0.24246395232664872 0.2947085964611773 0.25277594168081924 0.3372784357481458 0.29615737715291685 0.2497815000336572 0.2681450772537692 0.20544277384650955 0.2817202771179523 0.3062973106027993 0.3033344212534259 0.25785726604242715 0.2632823229466142 0.3217415520587826 0.2878809958181047 0.29227363734752293 0.2910191865128602 0.294589499238884 0.29161230476578537 0.3190362017904933 0.3278981902533897 0.34946768366478287 0.4123725382698442 0.30601698233100993 0.32676220801569816 0.37765364394377743 0.3262231511260022 0.30971357303589653 0.27287435249272973 0.29707892415072185 0.2604447295439349 0.31325474783499974 0.2948465281655684 0.29817284188091353 0.30556431434720877 0.3037867495762142 0.340038431601262 0.308539470549768 0.2976037538300994 0.29241563695437633 0.2978169804230094 0.2604484569493882 0.26203211309038443 0.15992697551624627 0.3388629263450533 0.30912324652495365 0.2816225213722023 0.28687244713214566 0.20008349390927838 0.29943147001068815 0.2360196415863497 0.29182607008903594 0.22242688523691564 0.3081328620266722 0.307098144155245 0.2952497929391139 0.30160851341341627 0.3044066085616953 0.24588797544509422 0.2937160134457503 0.29708002593748717 0.4825057591373768 0.23895124581288293 0.37572993942982535 0.379632610561704 0.30647868162356245 0.2971369912331474 0.29919554262417175 0.2526145741287291 0.24165117595069094 0.28692048744063126 0.25164049040689995 0.2892423965297582 0.2892303438414314 0.24952370330131896 0.30247796189470694 0.2784093987013225 
G000156655 0.34224263875790795 0.21877909666055542 0.2800578617053241 0.2788338389384444 0.0 0.27822489089400804 0.2442588707996003 0.20943881840443837 0.2702633369338303 0.22418091409929583 0.20303658128010282 0.154364852200604 0.3430894473744973 0.3106383832760604 0.20021670629532107 0.19972257651135888 0.20265998034309105 0.26894922688239836 0.24143952396259577 0.27781400223161967 0.28726955670396853 0.21033465558261832 0.3235830892955899 0.2317360336903824 0.30062255663631715 0.3015449156661444 0.2360682984973371 0.2220926187560559 0.28845132047854394 0.3256514307461551 0.21102790479983258 0.39737609342645497 0.21393933117096947 0.2667960742985358 0.3577484854214281 0.32442334035493126 0.2652430250002278 0.30491053106646265 0.30866073543227635 0.20536297213418112 0.22533864852680166 0.308762897760754 0.3095367957976978 0.2592282677372011 0.3195531677450905 0.3277606604588995 0.3116407487582856 0.30733967843752663 0.30315743919196014 0.3093776536191936 0.2818814102851649 0.26692291172858607 0.21784152858614333 0.3335606798804695 0.28382988394279013 0.2702948577355839 0.25617910030178676 0.2082276511918712 0.30964926286033817 0.28358336927585337 0.3051533997669408 0.2819365340023092 0.31154675406996246 0.3115718813878561 0.3094564129864565 0.31095282437927874 0.26010501603384756 0.20675821328871818 0.2818193858790307 0.2481565338794825 0.38265661933508777 0.20888588544912146 0.34981989736248686 0.34920849775710794 0.2566587212883257 0.24903492630334184 0.2370546182262266 0.27897677362115914 0.25337842183038245 0.2665795802607728 0.25813970125332264 0.2526031261945952 0.25261818439226147 0.2263571624674924 0.27618712606785367 0.23658351215919002 
G000157995 0.3485294883883207 0.1764851174451898 0.3071115423785374 0.30689429765445964 0.27822489089400804 0.0 0.266404177219937 0.3060480490461975 0.27476709385379816 0.27032439300774685 0.27773329430026267 0.2051907257378254 0.35139829908183756 0.328780588644996 0.26845670483203915 0.18322075216149744 0.26015071694072917 0.2798763926875553 0.26644326065133905 0.12550039545601058 0.30815939775247103 0.2245143885029546 0.37372939400561633 0.26898455891169276 0.3184414929668892 0.31849166060438255 0.2846832577154378 0.25307571918509664 0.20585310075579416 0.3279160359988511 0.35388817591589306 0.4461384049862515 0.32795615682163226 0.2957611284668533 0.3534161968046643 0.33189838639182345 0.30439040391889893 0.3468712440824292 0.33086938598358195 0.28648584737163824 0.35064715931357326 0.33574415439930116 0.3320842061476532 0.26499677029486846 0.3417334917395652 0.3476648308204425 0.32896312900093216 0.3301466651948618 0.3190357808331883 0.329364914107181 0.3314808757853981 0.3295363623972505 0.32526459751659315 0.3443228641140663 0.27419695465109883 0.37111286337930693 0.28386033035722164 0.3052206886536387 0.3260729669945728 0.28734775698873205 0.3202098784385621 0.3057338050211798 0.33000392346360286 0.3296194950116773 0.3290699794086285 0.3319565084000671 0.26635085812463444 0.21694621241136652 0.2838776898689086 0.2813112533196506 0.46054992634683317 0.27183225377936887 0.3153249381077655 0.31728375949775195 0.29123726975109965 0.28205517136767927 0.28428188987722736 0.3034048638396269 0.18708420983676383 0.3710222868223504 0.3028111259088084 0.37070179626148947 0.3724068229681875 0.2809317093741828 0.058677765404365013 0.2220902533391342 
G000163515 0.34183033489782433 0.2000003623249506 0.2951198721187892 0.2983542800539112 0.2442588707996003 0.266404177219937 0.0 0.28198526191098056 0.27958612438936237 0.19937489450839257 0.2815766534390315 0.21092863426112052 0.34477775953962947 0.31863838667372274 0.2128757194049255 0.01630406880572295 0.29939372197628644 0.2782648032626505 0.2559300661435482 0.26744469184480363 0.2876069595136316 0.21302114677413922 0.3502360768191715 0.2673611012595348 0.3092232046318505 0.3089855265343878 0.25186463994088226 0.24251402673887457 0.29701618993313345 0.33161465939901685 0.3151115565563051 0.44078307592537 0.274670663783258 0.22147876903329972 0.38220264575192126 0.3267705149581843 0.23758311727312587 0.32952806236949195 0.3163246853114753 0.21945799374730246 0.2810672432148815 0.32684891362427443 0.3167269831805112 0.2548896913315547 0.33260857988609277 0.3400151317504307 0.3229238692588583 0.3151355684351367 0.31214391686603904 0.3174712153661324 0.3041939609617412 0.3031501452114211 0.318592410378045 0.3435086196262329 0.28770640630320143 0.33446324926598847 0.3418902427925704 0.2937365719283194 0.3175556836394108 0.29220178944053715 0.313910949804666 0.23885584863810433 0.317504743016494 0.3144493866444832 0.3187845709206554 0.31758391295210664 0.255991168048862 0.18476768416368267 0.2837779894990129 0.2639128904405167 0.4905874377269296 0.21310113853457946 0.32832366050507195 0.3318008734704625 0.27232808215263765 0.2659519506487633 0.2544032266037119 0.2878580235341683 0.17557064260400834 0.34090964064599916 0.2879613571211689 0.3405540968496189 0.34109834025507185 0.21609885363213716 0.19411567189863552 0.18745446148510198 
G000173795 0.349017242278824 0.2860606799739924 0.25506212653040505 0.25032733577076705 0.20943881840443837 0.3060480490461975 0.28198526191098056 0.0 0.2854441711713327 0.302882684876258 0.2889824583949515 0.2822565242013745 0.3502352772197977 0.3085892093292051 0.30488199207928224 0.2939855655607775 0.248718042472086 0.2844091172766581 0.29686780234162347 0.30361704789395677 0.23677740814015358 0.302809161478077 0.3251337935355746 0.28548131957739636 0.304908424693054 0.30337973967516957 0.2888077016713083 0.2852604719263007 0.3094946243990227 0.32917595811203426 0.33428350896608655 0.4279943679998691 0.31787986073640095 0.34102310724926554 0.3727318679809456 0.33053922131113933 0.33753501127967234 0.04452570896376262 0.30448966377304776 0.3124840745125289 0.33358910995067803 0.3100254498347005 0.30529007773236916 0.29692003633289854 0.328524955187823 0.34008403455473524 0.3217311834945916 0.30548178596708747 0.3018583195613884 0.30613296498746506 0.22131785901050605 0.21313408367129216 0.267530647187969 0.3465983848828194 0.3082174431479856 0.22026804803208982 0.21465956171243566 0.23014980452576322 0.3071128416572524 0.2545578930918854 0.3012825531097221 0.2455078221837227 0.3169309309211334 0.3176515289084916 0.30786617034839425 0.3099912827826463 0.2987766785198019 0.29319139698894287 0.2978085056991431 0.2901022884377745 0.3896865641799057 0.30596925924123874 0.4163113560679136 0.41571174165508307 0.301996924584856 0.2909665577933039 0.2937484110467116 0.2138479949667897 0.28101518457926294 0.22100096297142516 0.21624260120703664 0.21742296670674 0.21747680053976776 0.3162622995399056 0.3048574814716086 0.28197938609567025 
G000177375 0.3247757670491007 0.26660424325930127 0.29513416555241556 0.2880109979864468 0.2702633369338303 0.27476709385379816 0.27958612438936237 0.2854441711713327 0.0 0.28569538697968955 0.16439984148763187 0.2672375476715574 0.3270876734687709 0.30684760652904375 0.28625335313073846 0.2789232058926173 0.29756031185210147 0.267421015554136 0.2769436737856773 0.27375345990778555 0.1704734718659307 0.2895455256382507 0.3317690794744539 0.27853684891569996 0.2976626151618402 0.2977593414415718 0.2722497496672965 0.26720208475578583 0.1889055921529611 0.33178829033367463 0.3446208362251785 0.3828616972768959 0.3307884270455545 0.32423869310589115 0.34016528681552893 0.3166217438222136 0.3684592624372223 0.3190873413020088 0.31086443939550734 0.30856555807269404 0.36861490007541514 0.3069229361144457 0.3110594454782301 0.2760507898984056 0.3067379094186799 0.32135299223560915 0.3056390703136296 0.30700227120213697 0.30020477289870057 0.3119512101785944 0.3077631719152606 0.3010859146969891 0.30039940610348537 0.32641045239562977 0.23632408226173812 0.3082039519493176 0.346900573660974 0.28672749524830377 0.30146163323008957 0.2878014502815141 0.30296613245189635 0.290859389932556 0.31364592600634295 0.31110461818209856 0.30806157379440613 0.31025831594738024 0.2766551268627583 0.28682842281717147 0.2773824082794298 0.2798625243462729 0.4156896723400718 0.28685509874586484 0.3567975570561852 0.3579902592932293 0.2943367890830608 0.28044250840966556 0.27563244235519546 0.24296933898102585 0.2687224838206481 0.34716136333871517 0.24273274933108224 0.34664303132407276 0.3466275225863003 0.3023059582808858 0.272942221773666 0.2723614285520318 
G000183585 0.35818954872380626 0.21109535340960467 0.3039836661271158 0.24246395232664872 0.22418091409929583 0.27032439300774685 0.19937489450839257 0.302882684876258 0.28569538697968955 0.0 0.28858893265701335 0.18685592358518632 0.3586518873252331 0.32524380740106673 0.006776306751518921 0.17873355572176738 0.18414061963441178 0.28192830748367986 0.24406595709533402 0.27004829207229986 0.2937094453927906 0.019179618876939582 0.36904734485122875 0.2740878919803521 0.3151412609719398 0.3151885999689473 0.26062611255102486 0.25108689163092934 0.301055243124833 0.3347921532105455 0.3273625798940699 0.4481806572740241 0.28890689562408095 0.005698972250222567 0.38458243973688644 0.3333465698016734 0.24782160836904937 0.3448687626415193 0.3214258467011106 0.005942098576948392 0.2924191743545904 0.33133285545302615 0.32173224150780405 0.25390087805760325 0.3351596579181277 0.3487015599469301 0.32763864772779755 0.3218724228912755 0.31729038317413266 0.32251678254748595 0.314141194527485 0.3090002847725475 0.25890021470186975 0.34119481050486 0.29512280728970924 0.34376411689630587 0.3404869915786521 0.22771092284975947 0.3229227347343894 0.29871673397908405 0.3188711966062138 0.2988432389067987 0.3194424107658037 0.3190803844028548 0.32551727971248345 0.32251979235362904 0.25561448468206854 0.004518687229152378 0.28514693494217147 0.2720304495959298 0.4829149790009317 0.013347309410242094 0.336070250257222 0.3382263731893782 0.2759972744099851 0.2735997044836241 0.2643012856335909 0.29605775403347845 0.22905070295055374 0.33748398778788813 0.2952942726553447 0.3209822997344568 0.32138349425605234 0.004638968354980618 0.2702340111807433 0.24453813449446882 
G000186945 0.3415592607727588 0.2701159266205205 0.29872904721519594 0.2947085964611773 0.20303658128010282 0.27773329430026267 0.2815766534390315 0.2889824583949515 0.16439984148763187 0.28858893265701335 0.0 0.26778388047235724 0.3374196881887299 0.3164406621671285 0.2900916698349342 0.2811688101028874 0.30213428334170506 0.2688290158027092 0.277052320746239 0.27569445169344153 0.17114881630133277 0.29208967258049706 0.33042824711542207 0.2834422892092533 0.3067421705063103 0.3068209280856152 0.28369752831677414 0.2721228494651695 0.021350972980988522 0.3589502667833682 0.3708550905102401 0.3824008541126608 0.3356707661234603 0.33283972919482396 0.3603528897298349 0.3305958624619202 0.3725400237161046 0.31520592714364715 0.3134157293810586 0.31171486022202827 0.36534796305910666 0.3201924312738348 0.31375344827254414 0.27777021486211245 0.31967231102734744 0.3295931859913886 0.3174512342273332 0.3130959749271945 0.3062238350118486 0.3173124392765312 0.31367590129531997 0.3092105978901987 0.3133939177297787 0.33211096932030665 0.23330981594992084 0.34371642805333014 0.33998263756233704 0.29095693873128636 0.3141996855315569 0.2941419148655456 0.3093594677083169 0.30157930495438534 0.3132583976996408 0.3128805498654258 0.3139315003718644 0.3130358079256982 0.27845326151527466 0.2886496398690952 0.2835147211666124 0.2865110043341319 0.4620980622107044 0.28995834702261336 0.3452375352434343 0.34579469947713154 0.29375373757162104 0.2871047752094742 0.28564723021870897 0.28543537358042614 0.27273627232644726 0.33393262460889506 0.28570381518640015 0.33377337150503283 0.33376005448185075 0.3044708392707283 0.27552637134623414 0.27758644936067206 
G000210615 0.33707416642315624 0.14178452599057145 0.2838080797348643 0.25277594168081924 0.154364852200604 0.2051907257378254 0.21092863426112052 0.2822565242013745 0.2672375476715574 0.18685592358518632 0.26778388047235724 0.0 0.32842893161860487 0.30431394465026373 0.19117658073974858 0.18016420172174025 0.18729919081454388 0.2690451659134674 0.23919235332730393 0.2404660146462822 0.28111530584091504 0.22236280864696945 0.32678316002295893 0.24400912062819505 0.2925342331463304 0.2926222554092218 0.22721604378027999 0.15652061107229842 0.2846765619582296 0.3102324063233105 0.26172362915905334 0.38932215398196857 0.019535962836046555 0.20913579453602216 0.3703148639784012 0.3194123584005884 0.2771577193197591 0.2578947141744274 0.2972338612083446 0.1921909884107325 0.0208814982601371 0.30245302035878685 0.2992759143791233 0.2529458812073577 0.30850200524544497 0.32574743786922145 0.2963005766080105 0.3002141637222901 0.29534406876973074 0.2991942265842005 0.2949631816621479 0.2923253573141321 0.2914368320553106 0.3284424667113768 0.2822331033611093 0.3196510355477752 0.319107118527233 0.23584842616601598 0.3024210177154047 0.2372946234978605 0.2979135582269724 0.2844296627852554 0.30181572700133874 0.3013295275243118 0.30424815828562257 0.3003191697346908 0.25508857512332056 0.14771619266988145 0.28115472625069704 0.2424429878909511 0.3930064141341816 0.20902789062277588 0.35168616692521193 0.35366437775677667 0.252760768697864 0.24345590471879364 0.229605213782979 0.27904455863743616 0.17547339952068644 0.30961443772250596 0.278392717851041 0.3176241060155854 0.31821330843653756 0.19025876752167503 0.26963037133457746 0.15807594530829672 
G000227355 0.20997105399501237 0.3438095652243154 0.34839906520649555 0.3372784357481458 0.3430894473744973 0.35139829908183756 0.34477775953962947 0.3502352772197977 0.3270876734687709 0.3586518873252331 0.3374196881887299 0.32842893161860487 0.0 0.3174534818535121 0.36043701939527173 0.3427147673107932 0.35007910867312086 0.33638802170916343 0.3551970458741441 0.351437353251425 0.34627721215537266 0.36421932229872855 0.4526286446749377 0.36524989541850095 0.30294154544116214 0.303048146500064 0.3716568373503978 0.3345783569549171 0.38961691490501504 0.4461816215882299 0.4067835354519054 5.0 0.3943917851144284 0.41901124577401483 0.4751999140150117 0.3594265825821496 0.48086694464967195 0.4145944124112749 0.30051444215866063 0.3822212645165055 0.39721897647963833 0.3230976350889005 0.30898456073889774 0.35350410077151884 0.32951861265398086 0.2539614662863773 0.3255096672662282 0.3067343552273487 0.30763067028811664 0.3130791568472268 0.37799834004773514 0.37799649089297105 0.3585762210495483 0.26255905088349923 0.34392304663393414 0.4037780529337258 0.4361419787543539 0.34429730173003437 0.3115556159117106 0.3503520377771099 0.3123923363262415 0.352140249943675 0.30566452259230414 0.30678403401199505 0.3197183928452067 0.31084423237380193 0.3530212594321392 0.3598726767368581 0.34691548508015735 0.3529754680771938 5.0 0.36170257704958053 0.48334669255930907 0.48245876284311817 0.3761061898399988 0.3530530866580204 0.37082573316238454 0.34428503740304595 0.3361216827967072 0.43590812322467637 0.34063941367732925 0.4256539259606732 0.4256367703997873 0.4016864734261062 0.3500564215582119 0.34266171103025667 
G000236085 0.33506775097294333 0.30768955583201324 0.3052084920675295 0.29615737715291685 0.3106383832760604 0.328780588644996 0.31863838667372274 0.3085892093292051 0.30684760652904375 0.32524380740106673 0.3164406621671285 0.30431394465026373 0.3174534818535121 0.0 0.32699088914252505 0.3177417194601045 0.3057775234036817 0.3144728039097129 0.3221497806117261 0.3275724752703535 0.2978338122151301 0.32929843376734835 0.3844386337983029 0.31361005321748503 0.1774927784890466 0.17822534398968345 0.31698472630742375 0.31469505960836364 0.32391419933293564 0.36750036863728797 0.4337913705310823 0.41581438813574745 0.3926628297164142 0.37116432038034897 0.4032622562569034 0.3498497449504399 0.3923198115701021 0.36101979883938723 0.23782220974115206 0.3393450689797833 0.35639531627200205 0.2544509369236052 0.23466281260572003 0.32125201211214816 0.25866605100260365 0.32709276010943955 0.2556649412240407 0.23331585352134376 0.18904998468184447 0.23993292572743213 0.30893744136200196 0.3085548744980033 0.33408769769009156 0.3252115008167462 0.32865159466824667 0.3755561267327524 0.3894580681482391 0.2982633814973106 0.12855955576365857 0.3009588306529728 0.1906540180068133 0.3068489570570307 0.24236486957122094 0.24210388412847317 0.07229251814133117 0.23225322938199106 0.32039892075030446 0.3264385277285029 0.32756490756482454 0.31946479617990425 5.0 0.3268362985943495 0.4347858537565047 0.43392803969151333 0.3198477058750338 0.3195405246975546 0.3168558495746675 0.29834416776876393 0.3152373174914615 0.387691379510983 0.29808754144352345 0.3871341878940614 0.3871175100935804 0.3279043070079114 0.3255812722025485 0.31867191516338483 
G000242195 0.3599322746478541 0.19298202275673645 0.3043724244448429 0.2497815000336572 0.20021670629532107 0.26845670483203915 0.2128757194049255 0.30488199207928224 0.28625335313073846 0.006776306751518921 0.2900916698349342 0.19117658073974858 0.36043701939527173 0.32699088914252505 0.0 0.16869642748033567 0.17744357774296277 0.2834445237671839 0.24457930430656846 0.2709218646722213 0.2938475348190554 0.019936782571998195 0.370087463196809 0.2760190415215527 0.3169225278385752 0.31696764858505894 0.2633757526086906 0.2532989225276532 0.25672654536707823 0.33647638805609237 0.32880306654739766 0.44995073304590555 0.29128575261044004 0.004520227109189425 0.3909311428537659 0.3349761951663254 0.24888340774497658 0.34810448541145766 0.3232164594872433 0.007414823054215975 0.2933611544780422 0.33318761554940557 0.32350048255476477 0.2564857135335286 0.33695985775526716 0.35057643911395053 0.3304984910792583 0.32363416974851117 0.3190615999623154 0.324314021660267 0.31565782777477935 0.31051346857525475 0.2178821964435448 0.34292786170462586 0.29681535022695577 0.34528294105902413 0.3419384002375653 0.20024577935841575 0.32466015607201054 0.2943783605897026 0.32057027425234674 0.28817432440974544 0.3211790398920304 0.32083361841939934 0.3272518823305381 0.3242837727877019 0.22449631444286783 0.007728935408151061 0.2865548409626274 0.2740214329751064 0.4848913364988854 0.013891392454634806 0.3375539942833631 0.33972928156898685 0.2784830138624084 0.2756884300683617 0.2652984426287204 0.2973380908616125 0.2414465124276347 0.3389381528083875 0.29678982005045956 0.34061832717054386 0.3412909111524994 0.006586616693858342 0.2673788390953241 0.20822335335409442 
G000242955 0.3427278106194555 0.20353620724592728 0.2942482553485566 0.2681450772537692 0.19972257651135888 0.18322075216149744 0.01630406880572295 0.2939855655607775 0.2789232058926173 0.17873355572176738 0.2811688101028874 0.18016420172174025 0.3427147673107932 0.3177417194601045 0.16869642748033567 0.0 0.17660559855912056 0.2774240394661036 0.24240120835240267 0.2633475442948213 0.28697650114552553 0.1944303043237265 0.3522611197862231 0.266086440264056 0.30830273574214695 0.308066640790142 0.2530491734114695 0.24254479603251422 0.2661903242659118 0.33025155355483843 0.3136850477676775 0.43988604791782976 0.27329937668888726 0.1954028491980348 0.37942282779338327 0.325949606327934 0.23521319996186155 0.3187187477175335 0.31539845405356093 0.17451012369675314 0.27439321634743563 0.3246389075719359 0.31581545910926656 0.15316024604695447 0.3316765771022895 0.339037803047437 0.3219789654982975 0.31422901665495656 0.31122999000742557 0.31654071394274885 0.3053987759989663 0.30429747830657955 0.17160334143501102 0.33565462139824126 0.2870370396955161 0.3383527401596556 0.34034052955467714 0.19940095465807944 0.3166645362650201 0.2804242269774063 0.31320342146225294 0.294916216490135 0.316612356714315 0.3135472264041509 0.3178960812172815 0.3166752402203107 0.2553369027787096 0.17329454320178214 0.2830867584301082 0.2632544233769409 0.4895529639192056 0.1780208660568875 0.32719629734660244 0.33061564537055355 0.27410739763975844 0.2652620960449239 0.2537668373070491 0.2885359804334746 0.17440665826696775 0.3393762755505064 0.288646663551743 0.3390139773125358 0.3395453931993595 0.18142242422857832 0.2655697273190639 0.23327167878647725 
G000269565 0.35142950100196996 0.2535679120023843 0.22680824658378346 0.20544277384650955 0.20265998034309105 0.26015071694072917 0.29939372197628644 0.248718042472086 0.29756031185210147 0.18414061963441178 0.30213428334170506 0.18729919081454388 0.35007910867312086 0.3057775234036817 0.17744357774296277 0.17660559855912056 0.0 0.28778887557465327 0.25339356825616816 0.3061949173469442 0.25247028945188393 0.20454951218429435 0.3232540217932509 0.2724425090261343 0.30117042983021924 0.3021539560943833 0.2974117267951174 0.2691519836847764 0.24327841620032686 0.32071935143053687 0.37308135555179844 0.44600992528347183 0.3243815119750404 0.2204404374425049 0.35882659110010506 0.32102019817688826 0.3506549763172649 0.26656164212630984 0.30565751152401566 0.18322692236284882 0.17824233127943914 0.3106529255437632 0.3083189993163879 0.29790813675241445 0.3249533255514067 0.35428598847007675 0.3209719846705159 0.30689415129959907 0.29915097058960277 0.3058819312399632 0.25823319645259807 0.25937508502984125 0.2005210765288783 0.346539510034839 0.314561885476769 0.2753930484159078 0.26808798168812387 0.15298117981953024 0.3052800399818575 0.23563861874402836 0.29821878606748947 0.15104094497954101 0.31841661616456196 0.31676843226394735 0.30461899568653983 0.31152688863070627 0.2979948922230557 0.18037740562245413 0.287690388630807 0.3005966712214031 0.45329215397100087 0.1851067391744648 0.3934462463623504 0.3929661234965861 0.3081498431877607 0.30064058346410316 0.29997632724104395 0.24907036803210555 0.206763148133982 0.2845382507405882 0.2478177700395098 0.28616656059675316 0.2863732607720277 0.18761310119014699 0.2586128998845986 0.26713714164939084 
G000270085 0.3423360897255775 0.2640794553546454 0.2792164072434534 0.2817202771179523 0.26894922688239836 0.2798763926875553 0.2782648032626505 0.2844091172766581 0.267421015554136 0.28192830748367986 0.2688290158027092 0.2690451659134674 0.33638802170916343 0.3144728039097129 0.2834445237671839 0.2774240394661036 0.28778887557465327 0.0 0.27128131664693356 0.27906517659907576 0.2879840245595965 0.2854724889437704 0.10910408836776395 0.276876457134506 0.29987364352812007 0.2989535538592951 0.2790780049792664 0.27012090209653905 0.2906864423163947 0.3336621325443486 0.3482636471725665 0.4084047768561557 0.3245136989118081 0.31376920800667585 0.36283761711705237 0.3164132573527978 0.35200201670494013 0.3075443405626421 0.30832292364233355 0.3015038331884121 0.33777720654500437 0.31283157307515275 0.3077017161208501 0.26990356621010875 0.3180097362267144 0.3238422877525685 0.31936937828894607 0.30837184964401987 0.3052381004479721 0.3096519328147857 0.3025945504672201 0.30287094314858476 0.29314241108544903 0.3222029621314355 0.2850143210063133 0.3217384935266052 0.3285192375900752 0.27755384181471665 0.310836882774998 0.2805030883002967 0.30844331764130933 0.28751044328047143 0.30472396148714087 0.3026269343966877 0.3162045100668638 0.310696096948874 0.27166943495154017 0.28299861076488503 0.2299672581311349 0.28483896310632273 5.0 0.2830571982876253 0.32458453335448534 0.3285291222450112 0.28471774469309347 0.2871204676817907 0.2806719536772749 0.28321988718138846 0.2674085788372635 0.3278099374875356 0.28092757112037703 0.32944849667239184 0.33053861912603993 0.29497745247954066 0.27706291086727813 0.2753679271731234 
G000313565 0.35527360700913885 0.2217713645702642 0.29484426779701445 0.3062973106027993 0.24143952396259577 0.26644326065133905 0.2559300661435482 0.29686780234162347 0.2769436737856773 0.24406595709533402 0.277052320746239 0.23919235332730393 0.3551970458741441 0.3221497806117261 0.24457930430656846 0.24240120835240267 0.25339356825616816 0.27128131664693356 0.0 0.17383412008010118 0.2937751428110892 0.25046977982797397 0.3283270561998173 0.2733651246109522 0.31051783193760274 0.3114170312364609 0.268969840767179 0.25710412601522037 0.2983865432714595 0.3445779240230403 0.31724813803286867 0.43567360901855495 0.2925929671354057 0.21219269027008436 0.37235547826446247 0.3271142066860404 0.2956321922094541 0.3224733970762287 0.31904692503971205 0.22493495638267744 0.3110449844059174 0.3288924586708598 0.3185274359157806 0.059685928185552885 0.33430676480437516 0.34419288894338657 0.32342581111856145 0.31920374931180034 0.3128003404920482 0.3187365935244971 0.3223767466489308 0.3165586083957288 0.31010319358449795 0.34451755476660595 0.2851872450477337 0.3532857508020755 0.3489036997458716 0.2664545598604872 0.31842886915189195 0.29342336713186234 0.3145516376755839 0.2966687279582161 0.31641759060958846 0.3156988089925203 0.3211628406531954 0.3211394933785967 0.060101649290955995 0.22009588709179967 0.2804729648014151 0.27277425362439617 0.4316184063611903 0.22486899990412082 0.3426225066100352 0.3421352684430486 0.2741659838362416 0.273816031927859 0.269023000799677 0.2941036892966179 0.22717140866383356 0.3487690209489685 0.2938811971649935 0.34314659687674276 0.34368813727958925 0.22326540561811897 0.2650413650951903 0.2601867642199284 
G000327285 0.34890644330060705 0.2594818256520303 0.3031829454133199 0.3033344212534259 0.27781400223161967 0.12550039545601058 0.26744469184480363 0.30361704789395677 0.27375345990778555 0.27004829207229986 0.27569445169344153 0.2404660146462822 0.351437353251425 0.3275724752703535 0.2709218646722213 0.2633475442948213 0.3061949173469442 0.27906517659907576 0.17383412008010118 0.0 0.30467452893756597 0.23343932433958114 0.3542286307179525 0.2850170808236737 0.31693533870529694 0.31698597934178907 0.2830204404601179 0.2751642726245404 0.28629988173798443 0.3192041229010039 0.3535528376514063 0.445776125298479 0.32859653567657926 0.2161499381632923 0.3522955421541768 0.33071112673819825 0.31736261122990206 0.3287866791717149 0.32957490952888313 0.28651292508232956 0.3360427492545088 0.3353599182849231 0.3307763388751245 0.2646505771566365 0.34136125751075946 0.34689383305088817 0.3285872886710115 0.32889276652275135 0.3180095598158487 0.32745054821352115 0.324615448700712 0.3228281889573507 0.3193630975448626 0.3449519872074941 0.27465855531204425 0.3541672093788485 0.3566734885543086 0.3020196105880288 0.3249315019544491 0.22461124246263917 0.31920837735650015 0.3033073301259438 0.3287712029761933 0.3283831964879536 0.3278645474216859 0.33065581612007305 0.2659451524221101 0.2679446752205233 0.2809748739279152 0.2820568480960971 0.46014640969491555 0.2724588142451043 0.3133419710811023 0.31568727568359545 0.28974067314305035 0.28287060066024916 0.28163031354101875 0.30015062876388604 0.22642013723522442 0.35579188342240936 0.29934532297958516 0.3554711028484696 0.3565933208249109 0.2795982521029806 0.13539349878818774 0.22379767288824826 
G000340375 0.34956403905575834 0.27962238683740337 0.2646982029470613 0.25785726604242715 0.28726955670396853 0.30815939775247103 0.2876069595136316 0.23677740814015358 0.1704734718659307 0.2937094453927906 0.17114881630133277 0.28111530584091504 0.34627721215537266 0.2978338122151301 0.2938475348190554 0.28697650114552553 0.25247028945188393 0.2879840245595965 0.2937751428110892 0.30467452893756597 0.0 0.29621649562201535 0.3259525567289028 0.28027993399405216 0.29572282746029166 0.2949505116764732 0.2835680774852507 0.2839217795333849 0.18714194155119773 0.3232106457883545 0.3532256068011725 0.4286651841164957 0.3365753945022283 0.3443086111646156 0.38086972677403313 0.31386513697190793 0.3633754199871523 0.25823616826492246 0.2931998246456051 0.302278119975895 0.3495705877089519 0.29849285800660713 0.2980063177254524 0.28893025124252664 0.320106085161908 0.33893951343697115 0.3124286465686126 0.29662409543557766 0.29337812203969504 0.2982082699878971 0.23098934451590875 0.23146095002385986 0.2666551689053692 0.3433746432364415 0.31142486628716254 0.2420320279836803 0.24102212242296894 0.2515982202621846 0.2982649009588443 0.257271949468964 0.2939734635513049 0.24886409815006252 0.3091274374697828 0.30931868752387387 0.29785770029630154 0.30117061020438124 0.2906164287599513 0.29455653880935856 0.29975790470491914 0.2823611212185292 0.4102599927472479 0.2937766806212225 0.3581623680859889 0.357469081264183 0.28303354023430216 0.28383439390740245 0.28290348723479625 0.2217494430571663 0.2824566099811461 0.24161734110952793 0.2217002184718806 0.2410899218341236 0.2411418896087516 0.3029440761886141 0.303642314908895 0.28248115408383556 
G000371425 0.3622362882505411 0.1894287090230477 0.30657940646475157 0.2632823229466142 0.21033465558261832 0.2245143885029546 0.21302114677413922 0.302809161478077 0.2895455256382507 0.019179618876939582 0.29208967258049706 0.22236280864696945 0.36421932229872855 0.32929843376734835 0.019936782571998195 0.1944303043237265 0.20454951218429435 0.2854724889437704 0.25046977982797397 0.23343932433958114 0.29621649562201535 0.0 0.37272322545789693 0.25902105988939805 0.3192721888837029 0.319314544254685 0.2644020100418081 0.22804985214381351 0.3042763148196671 0.3387056770457728 0.3295395105854463 0.4522945472822976 0.2941355418064041 0.018991754110513053 0.38849903351959936 0.33713668655657686 0.20938301534097353 0.34736870147396365 0.32557816050624194 0.020081033359556456 0.28479974041905676 0.3356298327774112 0.3258342733495186 0.2574647854806021 0.33933436074912565 0.3530448175483134 0.3318566673832787 0.32595985440972236 0.3213988438381581 0.3266840543446246 0.31755697466778166 0.3124237095018267 0.2319223516393265 0.3516880603661759 0.2979992019667205 0.3470403880088165 0.28898691856513936 0.2112566916759548 0.3273014008147856 0.28276721152629397 0.3228173255353241 0.2894881976053003 0.3234731709488441 0.3231484986760803 0.3295438246679764 0.3266122868764302 0.2583957059860414 0.02018097590872838 0.28838314392486175 0.27534972657652207 0.48749571583019335 0.021072474683495553 0.33870137448327137 0.3408403297475907 0.2787443852735124 0.27699031759333714 0.2670541903193628 0.2994608050696042 0.22103424997668233 0.3402422029673138 0.2987099653735159 0.2880617040505133 0.2882018768162288 0.019946201426550163 0.27241396620131986 0.22252335212453622 
G000373785 5.0 0.3274487769490768 0.3263356246937389 0.3217415520587826 0.3235830892955899 0.37372939400561633 0.3502360768191715 0.3251337935355746 0.3317690794744539 0.36904734485122875 0.33042824711542207 0.32678316002295893 0.4526286446749377 0.3844386337983029 0.370087463196809 0.3522611197862231 0.3232540217932509 0.10910408836776395 0.3283270561998173 0.3542286307179525 0.3259525567289028 0.37272322545789693 0.0 0.31611126424345193 0.3770786196846577 0.3611234713674666 0.3284662634530389 0.3240788053637632 0.3322936815514319 0.35279321572219335 0.3514078193031498 5.0 0.3331871316251823 0.37860316808525024 0.3722467283921364 0.4264362105039644 0.3555274896334825 0.3384535850391332 0.39356534306082525 0.370106017829505 0.3490458693658292 0.4404799683882018 0.40675681811240566 0.326116369523702 0.41597822559346764 5.0 0.39958163170431626 0.3837946203410214 0.41288020796145425 0.4087435910890307 0.31868096957155106 0.32283129207288286 0.3252401402207685 0.45406925908293355 0.358351628755316 0.32352526213761423 0.33374560454866165 0.3193419179319921 0.37276995899914794 0.3211347917579519 0.4092820204026687 0.32726849532864544 0.37754248331898693 0.38563159258778745 0.3937289370126835 0.38373090317904335 0.3257065986443773 0.37012576964855365 0.24951109591219717 0.3459113226237586 0.3769278649898978 0.37048570690722127 0.32631780295895174 0.33029859028616265 0.33985107868661446 0.34597544261541524 0.3260557803784011 0.3285967376090948 0.3216098084246199 0.3332749673637358 0.3231563731532333 0.3339798446993179 0.335162870587808 0.36974206502419277 0.35337976647507013 0.3392234368283395 
G000384195 0.3591974674228645 0.2529638697579938 0.2938742135733101 0.2878809958181047 0.2317360336903824 0.26898455891169276 0.2673611012595348 0.28548131957739636 0.27853684891569996 0.2740878919803521 0.2834422892092533 0.24400912062819505 0.36524989541850095 0.31361005321748503 0.2760190415215527 0.266086440264056 0.2724425090261343 0.276876457134506 0.2733651246109522 0.2850170808236737 0.28027993399405216 0.25902105988939805 0.31611126424345193 0.0 0.3045306766197923 0.3049717819269196 0.24283752139036957 0.2041949601208648 0.2683861945732907 0.30526916172822605 0.29250560776192275 0.4173299984532147 0.2720207138715492 0.3096707588925303 0.35710389465506126 0.33337137004658446 0.29715211001115965 0.3168602783935627 0.30877078926512924 0.28693040539140896 0.282931247441562 0.32077844249082293 0.31081242939872467 0.27318381197246305 0.3283119214824999 0.34669460288051657 0.31534549965879444 0.3092016413135484 0.3064150082916692 0.31023116503499304 0.2975427991604982 0.2939821023757863 0.30218784232561424 0.3474421210937794 0.29191129880587485 0.31446296930624346 0.22063021292705143 0.2826586921380764 0.31322866611065514 0.28658010261280453 0.3088466025897949 0.2926878930381747 0.3114550739675607 0.3110612873151547 0.3129683303169263 0.310986038755551 0.27391566193453804 0.2750774430151264 0.2938901984703929 0.24402963928664095 0.3994923790452379 0.27511397817398764 0.3600660020032503 0.36062620500910336 0.22992722563252999 0.24459539592113771 0.24496803256743832 0.28115057006365923 0.2681622716176014 0.32562728719873313 0.2813675018676577 0.2742380169625037 0.27422490416316864 0.2812912983958821 0.2691475322986302 0.18149163850022368 
