86
G000011225 0.0 0.3477864 0.3425955 0.3418141 0.3422426 0.3485295 0.3418303 0.3490172 0.3247758 0.3581895 0.3415593 0.3370742 0.2099711 0.3350678 0.3599323 0.3427278 0.3514295 0.3423361 0.3552736 0.3489064 0.349564 0.3622363 0.3507 0.3591975 0.3191469 0.3202878 0.3740678 0.3385468 0.3926899 0.3812089 0.4084887 0.37961 0.5063037 0.4044795 0.4109119 0.3629208 0.35553 0.4097415 0.319297 0.3696445 0.5091714 0.3376492 0.316706 0.3531714 0.3340618 0.2572446 0.3344913 0.3199252 0.327675 0.3312275 0.388219 0.3882172 0.3501687 0.2635734 0.3442715 0.4247795 0.4434932 0.343075 0.3320523 0.3469586 0.3293071 0.3498181 0.3223448 0.3115303 0.3428695 0.3195114 0.3527022 0.3593811 0.3458409 0.3537222 0.39062 0.359778 0.4261746 0.4253441 0.3666046 0.3537971 0.3712419 0.3452267 0.3388839 0.4503455 0.3449721 0.4315938 0.4315772 0.3924276 0.3472241 0.3367498 
G000154285 0.3477864 0.0 0.2516709 0.2744266 0.2187791 0.1764851 0.2000004 0.2860607 0.2666042 0.2110954 0.2701159 0.1417845 0.3438096 0.3076896 0.192982 0.2035362 0.2535679 0.2640795 0.2217714 0.2594818 0.2796224 0.1894287 0.3274488 0.2529639 0.297715 0.2977906 0.243193 0.2349548 0.2853966 0.311918 0.3086571 0.3963619 0.2649478 0.2272556 0.3568605 0.31818 0.0107167 0.317579 0.3052393 0.2217512 0.1955086 0.3107119 0.3059982 0.2437879 0.3162342 0.3303047 0.3086965 0.3058729 0.2993999 0.3062905 0.2911112 0.2925947 0.2965169 0.3316578 0.2800981 0.3170115 0.3293064 0.2788349 0.3058675 0.2816998 0.301882 0.2891158 0.3052987 0.3052308 0.3075856 0.3068681 0.2484515 0.1580235 0.2732419 0.2552808 0.4307178 0.2129407 0.341728 0.3472523 0.262531 0.2569513 0.2458655 0.2804077 0.1731729 0.3301158 0.2796817 0.3291869 0.32967 0.2198848 0.259892 0.1719049 
G000154485 0.3425955 0.2516709 0.0 0.1760953 0.2800579 0.3071115 0.2951199 0.2550621 0.2951342 0.3039837 0.298729 0.2838081 0.3483991 0.3052085 0.3043724 0.2942483 0.2268082 0.2792164 0.2948443 0.3031829 0.2646982 0.3065794 0.3263356 0.2938742 0.299316 0.2993725 0.295969 0.2882568 0.3135786 0.3252002 0.3415618 0.4415583 0.3117834 0.3468482 0.3718956 0.3156968 0.326936 0.2783163 0.3039079 0.3151519 0.3357727 0.3027821 0.3072155 0.296323 0.3159149 0.3447076 0.3088698 0.3042677 0.2976829 0.3014555 0.2660441 0.263681 0.1689227 0.3465411 0.3116233 0.2827165 0.2912892 0.2075918 0.3049075 0.2384198 0.2976273 0.2183907 0.316857 0.3129488 0.3046607 0.3095774 0.2965339 0.3048484 0.2959188 0.3030471 0.4754395 0.305138 0.3829741 0.3861224 0.3055138 0.3047343 0.2992853 0.2536438 0.2665608 0.2921802 0.252541 0.2898728 0.2898626 0.3158603 0.302281 0.2876707 
G000154805 0.3418141 0.2744266 0.1760953 0.0 0.2788338 0.3068943 0.2983543 0.2503273 0.288011 0.242464 0.2947086 0.2527759 0.3372784 0.2961574 0.2497815 0.2681451 0.2054428 0.2817203 0.3062973 0.3033344 0.2578573 0.2632823 0.3217416 0.287881 0.2922736 0.2910192 0.2945895 0.2916123 0.3190362 0.3278982 0.3494677 0.4123725 0.306017 0.3267622 0.3776536 0.3262232 0.3097136 0.2728744 0.2970789 0.2604447 0.3132547 0.2948465 0.2981728 0.3055643 0.3037867 0.3400384 0.3085395 0.2976038 0.2924156 0.297817 0.2604485 0.2620321 0.159927 0.3388629 0.3091232 0.2816225 0.2868724 0.2000835 0.2994315 0.2360196 0.2918261 0.2224269 0.3081329 0.3070981 0.2952498 0.3016085 0.3044066 0.245888 0.293716 0.29708 0.4825058 0.2389512 0.3757299 0.3796326 0.3064787 0.297137 0.2991955 0.2526146 0.2416512 0.2869205 0.2516405 0.2892424 0.2892303 0.2495237 0.302478 0.2784094 
G000156655 0.3422426 0.2187791 0.2800579 0.2788338 0.0 0.2782249 0.2442589 0.2094388 0.2702633 0.2241809 0.2030366 0.1543649 0.3430894 0.3106384 0.2002167 0.1997226 0.20266 0.2689492 0.2414395 0.277814 0.2872696 0.2103347 0.3235831 0.231736 0.3006226 0.3015449 0.2360683 0.2220926 0.2884513 0.3256514 0.2110279 0.3973761 0.2139393 0.2667961 0.3577485 0.3244233 0.265243 0.3049105 0.3086607 0.205363 0.2253386 0.3087629 0.3095368 0.2592283 0.3195532 0.3277607 0.3116407 0.3073397 0.3031574 0.3093777 0.2818814 0.2669229 0.2178415 0.3335607 0.2838299 0.2702949 0.2561791 0.2082277 0.3096493 0.2835834 0.3051534 0.2819365 0.3115468 0.3115719 0.3094564 0.3109528 0.260105 0.2067582 0.2818194 0.2481565 0.3826566 0.2088859 0.3498199 0.3492085 0.2566587 0.2490349 0.2370546 0.2789768 0.2533784 0.2665796 0.2581397 0.2526031 0.2526182 0.2263572 0.2761871 0.2365835 
G000157995 0.3485295 0.1764851 0.3071115 0.3068943 0.2782249 0.0 0.2664042 0.306048 0.2747671 0.2703244 0.2777333 0.2051907 0.3513983 0.3287806 0.2684567 0.1832208 0.2601507 0.2798764 0.2664433 0.1255004 0.3081594 0.2245144 0.3737294 0.2689846 0.3184415 0.3184917 0.2846833 0.2530757 0.2058531 0.327916 0.3538882 0.4461384 0.3279562 0.2957611 0.3534162 0.3318984 0.3043904 0.3468712 0.3308694 0.2864858 0.3506472 0.3357442 0.3320842 0.2649968 0.3417335 0.3476648 0.3289631 0.3301467 0.3190358 0.3293649 0.3314809 0.3295364 0.3252646 0.3443229 0.274197 0.3711129 0.2838603 0.3052207 0.326073 0.2873478 0.3202099 0.3057338 0.3300039 0.3296195 0.32907 0.3319565 0.2663509 0.2169462 0.2838777 0.2813113 0.4605499 0.2718323 0.3153249 0.3172838 0.2912373 0.2820552 0.2842819 0.3034049 0.1870842 0.3710223 0.3028111 0.3707018 0.3724068 0.2809317 0.0586778 0.2220903 
G000163515 0.3418303 0.2000004 0.2951199 0.2983543 0.2442589 0.2664042 0.0 0.2819853 0.2795861 0.1993749 0.2815767 0.2109286 0.3447778 0.3186384 0.2128757 0.0163041 0.2993937 0.2782648 0.2559301 0.2674447 0.287607 0.2130211 0.3502361 0.2673611 0.3092232 0.3089855 0.2518646 0.242514 0.2970162 0.3316147 0.3151116 0.4407831 0.2746707 0.2214788 0.3822026 0.3267705 0.2375831 0.3295281 0.3163247 0.219458 0.2810672 0.3268489 0.316727 0.2548897 0.3326086 0.3400151 0.3229239 0.3151356 0.3121439 0.3174712 0.304194 0.3031501 0.3185924 0.3435086 0.2877064 0.3344632 0.3418902 0.2937366 0.3175557 0.2922018 0.3139109 0.2388558 0.3175047 0.3144494 0.3187846 0.3175839 0.2559912 0.1847677 0.283778 0.2639129 0.4905874 0.2131011 0.3283237 0.3318009 0.2723281 0.265952 0.2544032 0.287858 0.1755706 0.3409096 0.2879614 0.3405541 0.3410983 0.2160989 0.1941157 0.1874545 
G000173795 0.3490172 0.2860607 0.2550621 0.2503273 0.2094388 0.306048 0.2819853 0.0 0.2854442 0.3028827 0.2889825 0.2822565 0.3502353 0.3085892 0.304882 0.2939856 0.248718 0.2844091 0.2968678 0.303617 0.2367774 0.3028092 0.3251338 0.2854813 0.3049084 0.3033797 0.2888077 0.2852605 0.3094946 0.329176 0.3342835 0.4279944 0.3178799 0.3410231 0.3727319 0.3305392 0.337535 0.0445257 0.3044897 0.3124841 0.3335891 0.3100254 0.3052901 0.29692 0.328525 0.340084 0.3217312 0.3054818 0.3018583 0.306133 0.2213179 0.2131341 0.2675306 0.3465984 0.3082174 0.220268 0.2146596 0.2301498 0.3071128 0.2545579 0.3012826 0.2455078 0.3169309 0.3176515 0.3078662 0.3099913 0.2987767 0.2931914 0.2978085 0.2901023 0.3896866 0.3059693 0.4163114 0.4157117 0.3019969 0.2909666 0.2937484 0.213848 0.2810152 0.221001 0.2162426 0.217423 0.2174768 0.3162623 0.3048575 0.2819794 
G000177375 0.3247758 0.2666042 0.2951342 0.288011 0.2702633 0.2747671 0.2795861 0.2854442 0.0 0.2856954 0.1643998 0.2672375 0.3270877 0.3068476 0.2862534 0.2789232 0.2975603 0.267421 0.2769437 0.2737535 0.1704735 0.2895455 0.3317691 0.2785368 0.2976626 0.2977593 0.2722497 0.2672021 0.1889056 0.3317883 0.3446208 0.3828617 0.3307884 0.3242387 0.3401653 0.3166217 0.3684593 0.3190873 0.3108644 0.3085656 0.3686149 0.3069229 0.3110594 0.2760508 0.3067379 0.321353 0.3056391 0.3070023 0.3002048 0.3119512 0.3077632 0.3010859 0.3003994 0.3264105 0.2363241 0.308204 0.3469006 0.2867275 0.3014616 0.2878015 0.3029661 0.2908594 0.3136459 0.3111046 0.3080616 0.3102583 0.2766551 0.2868284 0.2773824 0.2798625 0.4156897 0.2868551 0.3567976 0.3579903 0.2943368 0.2804425 0.2756324 0.2429693 0.2687225 0.3471614 0.2427327 0.346643 0.3466275 0.302306 0.2729422 0.2723614 
G000183585 0.3581895 0.2110954 0.3039837 0.242464 0.2241809 0.2703244 0.1993749 0.3028827 0.2856954 0.0 0.2885889 0.1868559 0.3586519 0.3252438 0.0067763 0.1787336 0.1841406 0.2819283 0.244066 0.2700483 0.2937094 0.0191796 0.3690473 0.2740879 0.3151413 0.3151886 0.2606261 0.2510869 0.3010552 0.3347922 0.3273626 0.4481807 0.2889069 0.005699 0.3845824 0.3333466 0.2478216 0.3448688 0.3214258 0.0059421 0.2924192 0.3313329 0.3217322 0.2539009 0.3351597 0.3487016 0.3276386 0.3218724 0.3172904 0.3225168 0.3141412 0.3090003 0.2589002 0.3411948 0.2951228 0.3437641 0.340487 0.2277109 0.3229227 0.2987167 0.3188712 0.2988432 0.3194424 0.3190804 0.3255173 0.3225198 0.2556145 0.0045187 0.2851469 0.2720304 0.482915 0.0133473 0.3360703 0.3382264 0.2759973 0.2735997 0.2643013 0.2960578 0.2290507 0.337484 0.2952943 0.3209823 0.3213835 0.004639 0.270234 0.2445381 
G000186945 0.3415593 0.2701159 0.298729 0.2947086 0.2030366 0.2777333 0.2815767 0.2889825 0.1643998 0.2885889 0.0 0.2677839 0.3374197 0.3164407 0.2900917 0.2811688 0.3021343 0.268829 0.2770523 0.2756945 0.1711488 0.2920897 0.3304282 0.2834423 0.3067422 0.3068209 0.2836975 0.2721228 0.021351 0.3589503 0.3708551 0.3824009 0.3356708 0.3328397 0.3603529 0.3305959 0.37254 0.3152059 0.3134157 0.3117149 0.365348 0.3201924 0.3137534 0.2777702 0.3196723 0.3295932 0.3174512 0.313096 0.3062238 0.3173124 0.3136759 0.3092106 0.3133939 0.332111 0.2333098 0.3437164 0.3399826 0.2909569 0.3141997 0.2941419 0.3093595 0.3015793 0.3132584 0.3128805 0.3139315 0.3130358 0.2784533 0.2886496 0.2835147 0.286511 0.4620981 0.2899583 0.3452375 0.3457947 0.2937537 0.2871048 0.2856472 0.2854354 0.2727363 0.3339326 0.2857038 0.3337734 0.3337601 0.3044708 0.2755264 0.2775864 
G000210615 0.3370742 0.1417845 0.2838081 0.2527759 0.1543649 0.2051907 0.2109286 0.2822565 0.2672375 0.1868559 0.2677839 0.0 0.3284289 0.3043139 0.1911766 0.1801642 0.1872992 0.2690452 0.2391924 0.240466 0.2811153 0.2223628 0.3267832 0.2440091 0.2925342 0.2926223 0.227216 0.1565206 0.2846766 0.3102324 0.2617236 0.3893222 0.019536 0.2091358 0.3703149 0.3194124 0.2771577 0.2578947 0.2972339 0.192191 0.0208815 0.302453 0.2992759 0.2529459 0.308502 0.3257474 0.2963006 0.3002142 0.2953441 0.2991942 0.2949632 0.2923254 0.2914368 0.3284425 0.2822331 0.319651 0.3191071 0.2358484 0.302421 0.2372946 0.2979136 0.2844297 0.3018157 0.3013295 0.3042482 0.3003192 0.2550886 0.1477162 0.2811547 0.242443 0.3930064 0.2090279 0.3516862 0.3536644 0.2527608 0.2434559 0.2296052 0.2790446 0.1754734 0.3096144 0.2783927 0.3176241 0.3182133 0.1902588 0.2696304 0.1580759 
G000227355 0.2099711 0.3438096 0.3483991 0.3372784 0.3430894 0.3513983 0.3447778 0.3502353 0.3270877 0.3586519 0.3374197 0.3284289 0.0 0.3174535 0.360437 0.3427148 0.3500791 0.336388 0.355197 0.3514374 0.3462772 0.3642193 0.4526286 0.3652499 0.3029415 0.3030481 0.3716568 0.3345784 0.3896169 0.4461816 0.4067835 0.39759 0.3943918 0.4190112 0.4751999 0.3594266 0.4808669 0.4145944 0.3005144 0.3822213 0.397219 0.3230976 0.3089846 0.3535041 0.3295186 0.2539615 0.3255097 0.3067344 0.3076307 0.3130792 0.3779983 0.3779965 0.3585762 0.2625591 0.343923 0.4037781 0.436142 0.3442973 0.3115556 0.350352 0.3123923 0.3521402 0.3056645 0.306784 0.3197184 0.3108442 0.3530213 0.3598727 0.3469155 0.3529755 0.42058 0.3617026 0.4833467 0.4824588 0.3761062 0.3530531 0.3708257 0.344285 0.3361217 0.4359081 0.3406394 0.4256539 0.4256368 0.4016865 0.3500564 0.3426617 
G000236085 0.3350678 0.3076896 0.3052085 0.2961574 0.3106384 0.3287806 0.3186384 0.3085892 0.3068476 0.3252438 0.3164407 0.3043139 0.3174535 0.0 0.3269909 0.3177417 0.3057775 0.3144728 0.3221498 0.3275725 0.2978338 0.3292984 0.3844386 0.3136101 0.1774928 0.1782253 0.3169847 0.3146951 0.3239142 0.3675004 0.4337914 0.4158144 0.3926628 0.3711643 0.4032623 0.3498497 0.3923198 0.3610198 0.2378222 0.3393451 0.3563953 0.2544509 0.2346628 0.321252 0.2586661 0.3270928 0.2556649 0.2333159 0.18905 0.2399329 0.3089374 0.3085549 0.3340877 0.3252115 0.3286516 0.3755561 0.3894581 0.2982634 0.1285596 0.3009588 0.190654 0.306849 0.2423649 0.2421039 0.0722925 0.2322532 0.3203989 0.3264385 0.3275649 0.3194648 0.40036 0.3268363 0.4347859 0.433928 0.3198477 0.3195405 0.3168558 0.2983442 0.3152373 0.3876914 0.2980875 0.3871342 0.3871175 0.3279043 0.3255813 0.3186719 
G000242195 0.3599323 0.192982 0.3043724 0.2497815 0.2002167 0.2684567 0.2128757 0.304882 0.2862534 0.0067763 0.2900917 0.1911766 0.360437 0.3269909 0.0 0.1686964 0.1774436 0.2834445 0.2445793 0.2709219 0.2938475 0.0199368 0.3700875 0.276019 0.3169225 0.3169676 0.2633758 0.2532989 0.2567265 0.3364764 0.3288031 0.4499507 0.2912858 0.0045202 0.3909311 0.3349762 0.2488834 0.3481045 0.3232165 0.0074148 0.2933612 0.3331876 0.3235005 0.2564857 0.3369599 0.3505764 0.3304985 0.3236342 0.3190616 0.324314 0.3156578 0.3105135 0.2178822 0.3429279 0.2968154 0.3452829 0.3419384 0.2002458 0.3246602 0.2943784 0.3205703 0.2881743 0.321179 0.3208336 0.3272519 0.3242838 0.2244963 0.0077289 0.2865548 0.2740214 0.4848913 0.0138914 0.337554 0.3397293 0.278483 0.2756884 0.2652984 0.2973381 0.2414465 0.3389382 0.2967898 0.3406183 0.3412909 0.0065866 0.2673788 0.2082234 
G000242955 0.3427278 0.2035362 0.2942483 0.2681451 0.1997226 0.1832208 0.0163041 0.2939856 0.2789232 0.1787336 0.2811688 0.1801642 0.3427148 0.3177417 0.1686964 0.0 0.1766056 0.277424 0.2424012 0.2633475 0.2869765 0.1944303 0.3522611 0.2660864 0.3083027 0.3080666 0.2530492 0.2425448 0.2661903 0.3302516 0.313685 0.439886 0.2732994 0.1954028 0.3794228 0.3259496 0.2352132 0.3187187 0.3153985 0.1745101 0.2743932 0.3246389 0.3158155 0.1531602 0.3316766 0.3390378 0.321979 0.314229 0.31123 0.3165407 0.3053988 0.3042975 0.1716033 0.3356546 0.287037 0.3383527 0.3403405 0.199401 0.3166645 0.2804242 0.3132034 0.2949162 0.3166124 0.3135472 0.3178961 0.3166752 0.2553369 0.1732945 0.2830868 0.2632544 0.489553 0.1780209 0.3271963 0.3306156 0.2741074 0.2652621 0.2537668 0.288536 0.1744067 0.3393763 0.2886467 0.339014 0.3395454 0.1814224 0.2655697 0.2332717 
G000269565 0.3514295 0.2535679 0.2268082 0.2054428 0.20266 0.2601507 0.2993937 0.248718 0.2975603 0.1841406 0.3021343 0.1872992 0.3500791 0.3057775 0.1774436 0.1766056 0.0 0.2877889 0.2533936 0.3061949 0.2524703 0.2045495 0.323254 0.2724425 0.3011704 0.302154 0.2974117 0.269152 0.2432784 0.3207194 0.3730814 0.4460099 0.3243815 0.2204404 0.3588266 0.3210202 0.350655 0.2665616 0.3056575 0.1832269 0.1782423 0.3106529 0.308319 0.2979081 0.3249533 0.354286 0.320972 0.3068942 0.299151 0.3058819 0.2582332 0.2593751 0.2005211 0.3465395 0.3145619 0.275393 0.268088 0.1529812 0.30528 0.2356386 0.2982188 0.1510409 0.3184166 0.3167684 0.304619 0.3115269 0.2979949 0.1803774 0.2876904 0.3005967 0.4532922 0.1851067 0.3934462 0.3929661 0.3081498 0.3006406 0.2999763 0.2490704 0.2067631 0.2845383 0.2478178 0.2861666 0.2863733 0.1876131 0.2586129 0.2671371 
G000270085 0.3423361 0.2640795 0.2792164 0.2817203 0.2689492 0.2798764 0.2782648 0.2844091 0.267421 0.2819283 0.268829 0.2690452 0.336388 0.3144728 0.2834445 0.277424 0.2877889 0.0 0.2712813 0.2790652 0.287984 0.2854725 0.1091041 0.2768765 0.2998736 0.2989536 0.279078 0.2701209 0.2906864 0.3336621 0.3482636 0.4084048 0.3245137 0.3137692 0.3628376 0.3164133 0.352002 0.3075443 0.3083229 0.3015038 0.3377772 0.3128316 0.3077017 0.2699036 0.3180097 0.3238423 0.3193694 0.3083718 0.3052381 0.3096519 0.3025946 0.3028709 0.2931424 0.322203 0.2850143 0.3217385 0.3285192 0.2775538 0.3108369 0.2805031 0.3084433 0.2875104 0.304724 0.3026269 0.3162045 0.3106961 0.2716694 0.2829986 0.2299673 0.284839 0.37616 0.2830572 0.3245845 0.3285291 0.2847177 0.2871205 0.280672 0.2832199 0.2674086 0.3278099 0.2809276 0.3294485 0.3305386 0.2949775 0.2770629 0.2753679 
G000313565 0.3552736 0.2217714 0.2948443 0.3062973 0.2414395 0.2664433 0.2559301 0.2968678 0.2769437 0.244066 0.2770523 0.2391924 0.355197 0.3221498 0.2445793 0.2424012 0.2533936 0.2712813 0.0 0.1738341 0.2937751 0.2504698 0.3283271 0.2733651 0.3105178 0.311417 0.2689698 0.2571041 0.2983865 0.3445779 0.3172481 0.4356736 0.292593 0.2121927 0.3723555 0.3271142 0.2956322 0.3224734 0.3190469 0.224935 0.311045 0.3288925 0.3185274 0.0596859 0.3343068 0.3441929 0.3234258 0.3192037 0.3128003 0.3187366 0.3223767 0.3165586 0.3101032 0.3445176 0.2851872 0.3532858 0.3489037 0.2664546 0.3184289 0.2934234 0.3145516 0.2966687 0.3164176 0.3156988 0.3211628 0.3211395 0.0601016 0.2200959 0.280473 0.2727743 0.4316184 0.224869 0.3426225 0.3421353 0.274166 0.273816 0.269023 0.2941037 0.2271714 0.348769 0.2938812 0.3431466 0.3436881 0.2232654 0.2650414 0.2601868 
G000327285 0.3489064 0.2594818 0.3031829 0.3033344 0.277814 0.1255004 0.2674447 0.303617 0.2737535 0.2700483 0.2756945 0.240466 0.3514374 0.3275725 0.2709219 0.2633475 0.3061949 0.2790652 0.1738341 0.0 0.3046745 0.2334393 0.3542286 0.2850171 0.3169353 0.316986 0.2830204 0.2751643 0.2862999 0.3192041 0.3535528 0.4457761 0.3285965 0.2161499 0.3522955 0.3307111 0.3173626 0.3287867 0.3295749 0.2865129 0.3360427 0.3353599 0.3307763 0.2646506 0.3413613 0.3468938 0.3285873 0.3288928 0.3180096 0.3274505 0.3246154 0.3228282 0.3193631 0.344952 0.2746586 0.3541672 0.3566735 0.3020196 0.3249315 0.2246112 0.3192084 0.3033073 0.3287712 0.3283832 0.3278645 0.3306558 0.2659452 0.2679447 0.2809749 0.2820568 0.4601464 0.2724588 0.313342 0.3156873 0.2897407 0.2828706 0.2816303 0.3001506 0.2264201 0.3557919 0.2993453 0.3554711 0.3565933 0.2795983 0.1353935 0.2237977 
G000340375 0.349564 0.2796224 0.2646982 0.2578573 0.2872696 0.3081594 0.287607 0.2367774 0.1704735 0.2937094 0.1711488 0.2811153 0.3462772 0.2978338 0.2938475 0.2869765 0.2524703 0.287984 0.2937751 0.3046745 0.0 0.2962165 0.3259526 0.2802799 0.2957228 0.2949505 0.2835681 0.2839218 0.1871419 0.3232106 0.3532256 0.4286652 0.3365754 0.3443086 0.3808697 0.3138651 0.3633754 0.2582362 0.2931998 0.3022781 0.3495706 0.2984929 0.2980063 0.2889303 0.3201061 0.3389395 0.3124286 0.2966241 0.2933781 0.2982083 0.2309893 0.231461 0.2666552 0.3433746 0.3114249 0.242032 0.2410221 0.2515982 0.2982649 0.2572719 0.2939735 0.2488641 0.3091274 0.3093187 0.2978577 0.3011706 0.2906164 0.2945565 0.2997579 0.2823611 0.41026 0.2937767 0.3581624 0.3574691 0.2830335 0.2838344 0.2829035 0.2217494 0.2824566 0.2416173 0.2217002 0.2410899 0.2411419 0.3029441 0.3036423 0.2824812 
G000371425 0.3622363 0.1894287 0.3065794 0.2632823 0.2103347 0.2245144 0.2130211 0.3028092 0.2895455 0.0191796 0.2920897 0.2223628 0.3642193 0.3292984 0.0199368 0.1944303 0.2045495 0.2854725 0.2504698 0.2334393 0.2962165 0.0 0.3727232 0.2590211 0.3192722 0.3193145 0.264402 0.2280499 0.3042763 0.3387057 0.3295395 0.4522945 0.2941355 0.0189918 0.388499 0.3371367 0.209383 0.3473687 0.3255782 0.020081 0.2847997 0.3356298 0.3258343 0.2574648 0.3393344 0.3530448 0.3318567 0.3259599 0.3213988 0.3266841 0.317557 0.3124237 0.2319224 0.3516881 0.2979992 0.3470404 0.2889869 0.2112567 0.3273014 0.2827672 0.3228173 0.2894882 0.3234732 0.3231485 0.3295438 0.3266123 0.2583957 0.020181 0.2883831 0.2753497 0.4874957 0.0210725 0.3387014 0.3408403 0.2787444 0.2769903 0.2670542 0.2994608 0.2210342 0.3402422 0.29871 0.2880617 0.2882019 0.0199462 0.272414 0.2225234 
G000373785 0.3507 0.3274488 0.3263356 0.3217416 0.3235831 0.3737294 0.3502361 0.3251338 0.3317691 0.3690473 0.3304282 0.3267832 0.4526286 0.3844386 0.3700875 0.3522611 0.323254 0.1091041 0.3283271 0.3542286 0.3259526 0.3727232 0.0 0.3161113 0.3770786 0.3611235 0.3284663 0.3240788 0.3322937 0.3527932 0.3514078 0.37355 0.3331871 0.3786032 0.3722467 0.4264362 0.3555275 0.3384536 0.3935653 0.370106 0.3490459 0.44048 0.4067568 0.3261164 0.4159782 0.35547 0.3995816 0.3837946 0.4128802 0.4087436 0.318681 0.3228313 0.3252401 0.4540693 0.3583516 0.3235253 0.3337456 0.3193419 0.37277 0.3211348 0.409282 0.3272685 0.3775425 0.3856316 0.3937289 0.3837309 0.3257066 0.3701258 0.2495111 0.3459113 0.3769279 0.3704857 0.3263178 0.3302986 0.3398511 0.3459754 0.3260558 0.3285967 0.3216098 0.333275 0.3231564 0.3339798 0.3351629 0.3697421 0.3533798 0.3392234 
G000384195 0.3591975 0.2529639 0.2938742 0.287881 0.231736 0.2689846 0.2673611 0.2854813 0.2785368 0.2740879 0.2834423 0.2440091 0.3652499 0.3136101 0.276019 0.2660864 0.2724425 0.2768765 0.2733651 0.2850171 0.2802799 0.2590211 0.3161113 0.0 0.3045307 0.3049718 0.2428375 0.204195 0.2683862 0.3052692 0.2925056 0.41733 0.2720207 0.3096708 0.3571039 0.3333714 0.2971521 0.3168603 0.3087708 0.2869304 0.2829312 0.3207784 0.3108124 0.2731838 0.3283119 0.3466946 0.3153455 0.3092016 0.306415 0.3102312 0.2975428 0.2939821 0.3021878 0.3474421 0.2919113 0.314463 0.2206302 0.2826587 0.3132287 0.2865801 0.3088466 0.2926879 0.3114551 0.3110613 0.3129683 0.310986 0.2739157 0.2750774 0.2938902 0.2440296 0.3994924 0.275114 0.360066 0.3606262 0.2299272 0.2445954 0.244968 0.2811506 0.2681623 0.3256273 0.2813675 0.274238 0.2742249 0.2812913 0.2691475 0.1814916 
G000400935 0.3191469 0.297715 0.299316 0.2922736 0.3006226 0.3184415 0.3092232 0.3049084 0.2976626 0.3151413 0.3067422 0.2925342 0.3029415 0.1774928 0.3169225 0.3083027 0.3011704 0.2998736 0.3105178 0.3169353 0.2957228 0.3192722 0.3770786 0.3045307 0.0 0.0685655 0.3078471 0.301298 0.3228142 0.3498169 0.3861475 0.413952 0.3851581 0.3599972 0.4199992 0.3468255 0.3855162 0.3385531 0.2336174 0.3278272 0.3527334 0.249179 0.2339966 0.3095278 0.2500837 0.3144218 0.2478433 0.2280301 0.1871018 0.2345043 0.3059684 0.3056016 0.3199867 0.3182774 0.3182124 0.3657295 0.3645055 0.2919767 0.1777129 0.2960606 0.1855769 0.3002581 0.2396829 0.2381803 0.1813409 0.2319964 0.3087613 0.3163596 0.3156555 0.3110302 0.39222 0.316765 0.3819115 0.3810426 0.308666 0.3111084 0.3057853 0.2948712 0.3067156 0.3634537 0.2946045 0.3628822 0.3628651 0.3188964 0.3156369 0.304994 
G000400955 0.3202878 0.2977906 0.2993725 0.2910192 0.3015449 0.3184917 0.3089855 0.3033797 0.2977593 0.3151886 0.3068209 0.2926223 0.3030481 0.1782253 0.3169676 0.3080666 0.302154 0.2989536 0.311417 0.316986 0.2949505 0.3193145 0.3611235 0.3049718 0.0685655 0.0 0.3068612 0.3013773 0.3228872 0.347714 0.377846 0.4140517 0.3852482 0.360046 0.4115637 0.3420623 0.3855976 0.3386329 0.2359455 0.3278733 0.3528155 0.2495816 0.2344995 0.3104459 0.249395 0.3134771 0.250502 0.2294793 0.1869184 0.2365052 0.3060468 0.30568 0.3165829 0.3161074 0.3182708 0.3658082 0.3671531 0.2948229 0.1765554 0.2974751 0.1878365 0.3014922 0.239747 0.2392841 0.1831533 0.23207 0.309673 0.3164054 0.3157254 0.3111007 0.4480299 0.3168103 0.3819877 0.3811206 0.3087322 0.3111787 0.3058596 0.2949477 0.3066209 0.3660426 0.2946816 0.3654715 0.3654544 0.3189428 0.3156889 0.3053873 
G000403415 0.3740678 0.243193 0.295969 0.2945895 0.2360683 0.2846833 0.2518646 0.2888077 0.2722497 0.2606261 0.2836975 0.227216 0.3716568 0.3169847 0.2633758 0.2530492 0.2974117 0.279078 0.2689698 0.2830204 0.2835681 0.264402 0.3284663 0.2428375 0.3078471 0.3068612 0.0 0.2305212 0.2982755 0.3277941 0.2814724 0.3909392 0.2543472 0.2807528 0.3861743 0.337438 0.2816113 0.3355608 0.3143822 0.2724176 0.2571462 0.3230304 0.3148968 0.2671672 0.3278815 0.34695 0.3172413 0.3140538 0.3098758 0.315071 0.3058964 0.3001332 0.3014063 0.3530679 0.2855011 0.3356851 0.3244227 0.2898025 0.3165781 0.2881477 0.3122678 0.2948135 0.3204361 0.319642 0.3173983 0.316144 0.2676893 0.2593247 0.2918928 0.2358 0.4324568 0.2629133 0.3388954 0.3392338 0.246577 0.2276699 0.1532702 0.2822803 0.2629603 0.3218646 0.2836758 0.3210639 0.3214343 0.2688403 0.2827465 0.2467269 
G000420345 0.3385468 0.2349548 0.2882568 0.2916123 0.2220926 0.2530757 0.242514 0.2852605 0.2672021 0.2510869 0.2721228 0.1565206 0.3345784 0.3146951 0.2532989 0.2425448 0.269152 0.2701209 0.2571041 0.2751643 0.2839218 0.2280499 0.3240788 0.204195 0.301298 0.3013773 0.2305212 0.0 0.2520048 0.3228726 0.2595415 0.382065 0.1655075 0.2752458 0.3431408 0.327012 0.2841193 0.3215821 0.3054817 0.2643339 0.1689915 0.3113186 0.3064622 0.2566907 0.3172022 0.3303544 0.3085314 0.3054205 0.304602 0.3062139 0.2996724 0.2931169 0.3011021 0.3339724 0.2853285 0.3251223 0.1941271 0.2656598 0.310682 0.2891433 0.3063297 0.2895651 0.309031 0.3086263 0.3146928 0.3079562 0.2581585 0.2506367 0.2810627 0.2427767 0.4288181 0.2529436 0.3354733 0.3357425 0.2501604 0.2436795 0.2344851 0.2806659 0.1966489 0.3136317 0.2801143 0.3332219 0.3337831 0.2610847 0.2538096 0.1968813 
G000425005 0.3926899 0.2853966 0.3135786 0.3190362 0.2884513 0.2058531 0.2970162 0.3094946 0.1889056 0.3010552 0.021351 0.2846766 0.3896169 0.3239142 0.2567265 0.2661903 0.2432784 0.2906864 0.2983865 0.2862999 0.1871419 0.3042763 0.3322937 0.2683862 0.3228142 0.3228872 0.2982755 0.2520048 0.0 0.3414045 0.3637103 0.3852065 0.3324231 0.334848 0.3637744 0.3570114 0.3491443 0.3597891 0.3348056 0.3280198 0.3649415 0.3370133 0.3347893 0.2997621 0.3428946 0.3666009 0.3420653 0.3321469 0.3234674 0.335776 0.3155153 0.3111064 0.346116 0.3740202 0.2454553 0.3223966 0.2714788 0.2670057 0.3252629 0.2803553 0.3264196 0.3191903 0.3353942 0.3352104 0.3254216 0.3320909 0.2988735 0.3045585 0.3163748 0.3017615 0.4654877 0.3059123 0.3475249 0.3481232 0.3086175 0.3025924 0.2987981 0.289595 0.2880437 0.3470455 0.289902 0.3393171 0.3393045 0.317969 0.2056556 0.2633617 
G000433015 0.3812089 0.311918 0.3252002 0.3278982 0.3256514 0.327916 0.3316147 0.329176 0.3317883 0.3347922 0.3589503 0.3102324 0.4461816 0.3675004 0.3364764 0.3302516 0.3207194 0.3336621 0.3445779 0.3192041 0.3232106 0.3387057 0.3527932 0.3052692 0.3498169 0.347714 0.3277941 0.3228726 0.3414045 0.0 0.3490351 0.3946956 0.369403 0.3447438 0.3083027 0.3089335 0.3717328 0.3582772 0.3939439 0.3490931 0.3800843 0.4032301 0.4003648 0.3429829 0.399436 0.34943 0.3501392 0.3691581 0.3972662 0.3702139 0.3556796 0.3519628 0.33428 0.3764313 0.3841387 0.3564781 0.3340147 0.3232622 0.3519796 0.3165415 0.3954504 0.3277077 0.4016829 0.3955108 0.3758248 0.3807103 0.3537393 0.3359436 0.3525928 0.3491286 0.376218 0.3363272 0.3682866 0.3675079 0.3440618 0.3502022 0.3276059 0.3326791 0.3158475 0.3379402 0.3324354 0.3374285 0.3374132 0.3576516 0.3262571 0.313182 
G000434355 0.4084887 0.3086571 0.3415618 0.3494677 0.2110279 0.3538882 0.3151116 0.3342835 0.3446208 0.3273626 0.3708551 0.2617236 0.4067835 0.4337914 0.3288031 0.313685 0.3730814 0.3482636 0.3172481 0.3535528 0.3532256 0.3295395 0.3514078 0.2925056 0.3861475 0.377846 0.2814724 0.2595415 0.3637103 0.3490351 0.0 0.37258 0.2598253 0.3292604 0.3444503 0.4233545 0.324041 0.3407593 0.4259185 0.3306868 0.2650118 0.4030214 0.4484865 0.3190346 0.36546 0.36311 0.4308533 0.3853245 0.3950569 0.4120231 0.3657675 0.3719367 0.3393637 0.4419513 0.4069635 0.3649376 0.3379132 0.3288727 0.3829243 0.356931 0.398073 0.3401787 0.4497408 0.4490291 0.4413681 0.3932303 0.3194358 0.3284704 0.331945 0.3086359 0.3808842 0.3267332 0.371166 0.3704272 0.2960825 0.3087033 0.2765022 0.3583658 0.3190492 0.34021 0.3722941 0.337576 0.3375614 0.3277168 0.3526606 0.3002603 
G000434395 0.37961 0.3963619 0.4415583 0.4123725 0.3973761 0.4461384 0.4407831 0.4279944 0.3828617 0.4481807 0.3824009 0.3893222 0.39759 0.4158144 0.4499507 0.439886 0.4460099 0.4084048 0.4356736 0.4457761 0.4286652 0.4522945 0.37355 0.41733 0.413952 0.4140517 0.3909392 0.382065 0.3852065 0.3946956 0.37258 0.0 0.4081598 0.39503 0.3818176 0.3667699 0.3877 0.4412196 0.3896132 0.4493685 0.4107579 0.4112997 0.4147596 0.4340166 0.3817214 0.37978 0.3806109 0.3829194 0.4144719 0.4135096 0.4302224 0.4302206 0.4587894 0.38467 0.4165142 0.39044 0.4881965 0.4293463 0.4161591 0.4381588 0.4177122 0.4439732 0.4160736 0.4153284 0.4163731 0.3794244 0.4335448 0.4493907 0.4257599 0.3989216 0.31467 0.4497939 0.32842 0.32864 0.3957489 0.3989951 0.395214 0.4308599 0.4107725 0.4879743 0.4306065 0.38962 0.38981 0.4489605 0.4448117 0.4007651 
G000434715 0.5063037 0.2649478 0.3117834 0.306017 0.2139393 0.3279562 0.2746707 0.3178799 0.3307884 0.2889069 0.3356708 0.019536 0.3943918 0.3926628 0.2912858 0.2732994 0.3243815 0.3245137 0.292593 0.3285965 0.3365754 0.2941355 0.3331871 0.2720207 0.3851581 0.3852482 0.2543472 0.1655075 0.3324231 0.369403 0.2598253 0.4081598 0.0 0.2862195 0.3709388 0.4240783 0.2722523 0.3405742 0.3741787 0.2644142 0.013649 0.3907366 0.3896629 0.2942224 0.4031953 0.500468 0.358097 0.3843988 0.3790685 0.3865973 0.3205797 0.324716 0.318919 0.4246332 0.3422144 0.3259694 0.3339542 0.3159483 0.3929763 0.3290881 0.3777397 0.3269674 0.3736724 0.379841 0.3873498 0.3860828 0.2953783 0.2899842 0.3405793 0.2744068 0.3937811 0.2902217 0.3560574 0.3583594 0.2796115 0.2749926 0.2551954 0.32377 0.272296 0.3343732 0.3266419 0.333588 0.334505 0.2897233 0.3236489 0.2718763 
G000435955 0.4044795 0.2272556 0.3468482 0.3267622 0.2667961 0.2957611 0.2214788 0.3410231 0.3242387 0.005699 0.3328397 0.2091358 0.4190112 0.3711643 0.0045202 0.1954028 0.2204404 0.3137692 0.2121927 0.2161499 0.3443086 0.0189918 0.3786032 0.3096708 0.3599972 0.360046 0.2807528 0.2752458 0.334848 0.3447438 0.3292604 0.39503 0.2862195 0.0 0.3888914 0.3708496 0.2480424 0.3732244 0.3781801 0.0067911 0.3002211 0.3761801 0.3778664 0.2756469 0.3736169 0.3850632 0.3730665 0.3780117 0.3698439 0.378881 0.34573 0.334346 0.3550329 0.3692207 0.3324421 0.3590145 0.3496082 0.2990011 0.3694194 0.3382932 0.3714796 0.3280495 0.3669645 0.3665908 0.3714464 0.3779739 0.2297964 0.0067281 0.3092969 0.3059152 0.4825021 0.0135579 0.3392734 0.3417 0.3047423 0.3087331 0.2850348 0.3332736 0.2825628 0.3491859 0.3335348 0.3480021 0.3488712 0.0060078 0.2962151 0.2680664 
G000437235 0.4109119 0.3568605 0.3718956 0.3776536 0.3577485 0.3534162 0.3822026 0.3727319 0.3401653 0.3845824 0.3603529 0.3703149 0.4751999 0.4032623 0.3909311 0.3794228 0.3588266 0.3628376 0.3723555 0.3522955 0.3808697 0.388499 0.3722467 0.3571039 0.4199992 0.4115637 0.3861743 0.3431408 0.3637744 0.3083027 0.3444503 0.3818176 0.3709388 0.3888914 0.0 0.2436872 0.4227309 0.3835617 0.4308676 0.3857127 0.4416424 0.37078 0.4475198 0.3802062 0.4113548 0.470979 0.429845 0.4025321 0.4205002 0.37004 0.3752828 0.3798365 0.373968 0.37822 0.4292889 0.3806164 0.3846381 0.3572228 0.3934213 0.3838948 0.4191129 0.3780505 0.4035102 0.4264517 0.387487 0.41245 0.3797565 0.3857337 0.4003186 0.435011 0.3161673 0.3907816 0.3536523 0.3529062 0.3951082 0.4350837 0.3739497 0.3780935 0.4070115 0.3820038 0.3827099 0.3770746 0.3770595 0.3853243 0.3513921 0.3737176 
G000437395 0.3629208 0.31818 0.3156968 0.3262232 0.3244233 0.3318984 0.3267705 0.3305392 0.3166217 0.3333466 0.3305959 0.3194124 0.3594266 0.3498497 0.3349762 0.3259496 0.3210202 0.3164133 0.3271142 0.3307111 0.3138651 0.3371367 0.4264362 0.3333714 0.3468255 0.3420623 0.337438 0.327012 0.3570114 0.3089335 0.4233545 0.3667699 0.4240783 0.3708496 0.2436872 0.0 0.5136858 0.3689026 0.3310645 0.3548571 0.4311088 0.3244736 0.3405028 0.3253921 0.3275159 0.3513425 0.3162627 0.3362489 0.3499942 0.3353247 0.3539005 0.3505246 0.3349361 0.3567572 0.3391074 0.3849858 0.3920193 0.3173744 0.3451388 0.3188242 0.3529629 0.3262179 0.3362469 0.3365014 0.3517345 0.3366553 0.3311763 0.3344604 0.3348178 0.3323276 0.3403191 0.3341956 0.3710132 0.3841713 0.331457 0.3374796 0.3377823 0.3175118 0.3156662 0.3875375 0.3168598 0.3928588 0.3928438 0.3568005 0.3298255 0.3280393 
G000437615 0.35553 0.0107167 0.326936 0.3097136 0.265243 0.3043904 0.2375831 0.337535 0.3684593 0.2478216 0.37254 0.2771577 0.4808669 0.3923198 0.2488834 0.2352132 0.350655 0.352002 0.2956322 0.3173626 0.3633754 0.209383 0.3555275 0.2971521 0.3855162 0.3855976 0.2816113 0.2841193 0.3491443 0.3717328 0.324041 0.3877 0.2722523 0.2480424 0.4227309 0.5136858 0.0 0.3351804 0.392572 0.249192 0.2792431 0.4049487 0.3933901 0.2953228 0.4070272 0.35928 0.393753 0.3898475 0.3973639 0.3988711 0.3359175 0.3375828 0.3459222 0.4550783 0.3503987 0.3426119 0.3625194 0.3043033 0.3926046 0.3432412 0.4000495 0.3681247 0.3906903 0.3938585 0.387504 0.3935674 0.2946886 0.2478674 0.3530757 0.3081147 0.39669 0.2482212 0.4024867 0.4079818 0.3152726 0.3079011 0.2850266 0.3436313 0.2789629 0.3655812 0.3379032 0.3637976 0.3637841 0.2484526 0.3198172 0.2628007 
G000437715 0.4097415 0.317579 0.2783163 0.2728744 0.3049105 0.3468712 0.3295281 0.0445257 0.3190873 0.3448688 0.3152059 0.2578947 0.4145944 0.3610198 0.3481045 0.3187187 0.2665616 0.3075443 0.3224734 0.3287867 0.2582362 0.3473687 0.3384536 0.3168603 0.3385531 0.3386329 0.3355608 0.3215821 0.3597891 0.3582772 0.3407593 0.4412196 0.3405742 0.3732244 0.3835617 0.3689026 0.3351804 0.0 0.3482764 0.338443 0.3283552 0.3616616 0.3490787 0.3268628 0.3489358 0.4187371 0.3492662 0.3437817 0.3448888 0.3599701 0.230284 0.2287807 0.2825178 0.4236604 0.3437486 0.2273329 0.2010266 0.239276 0.3478953 0.283522 0.3475121 0.2662528 0.3581275 0.361443 0.3614753 0.364626 0.3278209 0.3382382 0.3238933 0.3313834 0.4196131 0.3457246 0.35088 0.35142 0.3233115 0.328895 0.3466511 0.2259306 0.3049206 0.2077866 0.2259023 0.20712 0.2071074 0.3436646 0.3411359 0.3170685 
G000439435 0.319297 0.3052393 0.3039079 0.2970789 0.3086607 0.3308694 0.3163247 0.3044897 0.3108644 0.3214258 0.3134157 0.2972339 0.3005144 0.2378222 0.3232165 0.3153985 0.3056575 0.3083229 0.3190469 0.3295749 0.2931998 0.3255782 0.3935653 0.3087708 0.2336174 0.2359455 0.3143822 0.3054817 0.3348056 0.3939439 0.4259185 0.3896132 0.3741787 0.3781801 0.4308676 0.3310645 0.392572 0.3482764 0.0 0.3341628 0.3480604 0.2275383 0.184768 0.3176983 0.2231162 0.3114125 0.2217155 0.1760756 0.236011 0.2055953 0.3105173 0.3113621 0.3343396 0.3125092 0.3313581 0.3916106 0.3849307 0.2964005 0.2383739 0.2997927 0.2367801 0.3045349 0.1878226 0.1844741 0.239003 0.1677606 0.3168556 0.3226506 0.3230933 0.313045 0.4476646 0.3230581 0.4280276 0.4271357 0.3184715 0.3131236 0.3148641 0.29607 0.3082608 0.3805868 0.2963542 0.3800085 0.3799912 0.3287257 0.3272448 0.30912 
G000450985 0.3696445 0.2217512 0.3151519 0.2604447 0.205363 0.2864858 0.219458 0.3124841 0.3085656 0.0059421 0.3117149 0.192191 0.3822213 0.3393451 0.0074148 0.1745101 0.1832269 0.3015038 0.224935 0.2865129 0.3022781 0.020081 0.370106 0.2869304 0.3278272 0.3278733 0.2724176 0.2643339 0.3280198 0.3490931 0.3306868 0.4493685 0.2644142 0.0067911 0.3857127 0.3548571 0.249192 0.338443 0.3341628 0.0 0.2919161 0.3414402 0.3343927 0.2680797 0.3490445 0.3623141 0.3485235 0.3345292 0.3309245 0.3347559 0.3197986 0.3182261 0.2224142 0.36616 0.3125358 0.3447827 0.3414601 0.2129659 0.3387276 0.3096052 0.3324651 0.2976219 0.3336419 0.333289 0.3396117 0.3354373 0.2281822 0.0064874 0.3041478 0.2856371 0.4842422 0.0139037 0.337275 0.3394597 0.2868229 0.2861674 0.2738492 0.308082 0.2229992 0.3384589 0.3073784 0.3401349 0.3408072 0.0062158 0.2858485 0.2573949 
G000469305 0.5091714 0.1955086 0.3357727 0.3132547 0.2253386 0.3506472 0.2810672 0.3335891 0.3686149 0.2924192 0.365348 0.0208815 0.397219 0.3563953 0.2933612 0.2743932 0.1782423 0.3377772 0.311045 0.3360427 0.3495706 0.2847997 0.3490459 0.2829312 0.3527334 0.3528155 0.2571462 0.1689915 0.3649415 0.3800843 0.2650118 0.4107579 0.013649 0.3002211 0.4416424 0.4311088 0.2792431 0.3283552 0.3480604 0.2919161 0.0 0.379296 0.3548004 0.315735 0.3879657 0.4491163 0.3545661 0.3529589 0.3560196 0.3559768 0.3436475 0.3428342 0.3187628 0.4188326 0.3703271 0.3443444 0.2739 0.3083486 0.3566816 0.3285449 0.3565457 0.3402302 0.353806 0.3552709 0.3547358 0.3535773 0.3170729 0.2932644 0.3463537 0.2876796 0.3968243 0.2927824 0.3738512 0.3779163 0.2881657 0.2878212 0.2672423 0.3441883 0.1900635 0.275367 0.3456537 0.2687597 0.2687466 0.2950204 0.343199 0.2408993 
G000483165 0.3376492 0.3107119 0.3027821 0.2948465 0.3087629 0.3357442 0.3268489 0.3100254 0.3069229 0.3313329 0.3201924 0.302453 0.3230976 0.2544509 0.3331876 0.3246389 0.3106529 0.3128316 0.3288925 0.3353599 0.2984929 0.3356298 0.44048 0.3207784 0.249179 0.2495816 0.3230304 0.3113186 0.3370133 0.4032301 0.4030214 0.4112997 0.3907366 0.3761801 0.37078 0.3244736 0.4049487 0.3616616 0.2275383 0.3414402 0.379296 0.0 0.227206 0.3273594 0.199105 0.3196392 0.1979254 0.2197273 0.252812 0.2156694 0.306559 0.3075581 0.3449437 0.315222 0.3322073 0.4426711 0.3877668 0.2956736 0.2569615 0.3024506 0.2550792 0.3059756 0.2317329 0.229183 0.2556655 0.2264165 0.3268522 0.3326018 0.3276898 0.3214824 0.4603108 0.3323366 0.37457 0.3745 0.3249523 0.3215652 0.3183262 0.3006241 0.3148359 0.3829011 0.3008365 0.3822937 0.3822755 0.3376311 0.3343349 0.3195452 
G000500935 0.316706 0.3059982 0.3072155 0.2981728 0.3095368 0.3320842 0.316727 0.3052901 0.3110594 0.3217322 0.3137534 0.2992759 0.3089846 0.2346628 0.3235005 0.3158155 0.308319 0.3077017 0.3185274 0.3307763 0.2980063 0.3258343 0.4067568 0.3108124 0.2339966 0.2344995 0.3148968 0.3064622 0.3347893 0.4003648 0.4484865 0.4147596 0.3896629 0.3778664 0.4475198 0.3405028 0.3933901 0.3490787 0.184768 0.3343927 0.3548004 0.227206 0.0 0.3189758 0.2272102 0.3172616 0.2279459 0.1828349 0.2318217 0.2067964 0.3123653 0.3132361 0.3364727 0.3215299 0.3319469 0.3943476 0.399563 0.29794 0.2366497 0.3009126 0.2344592 0.3081835 0.1745281 0.1961497 0.2358568 0.1875173 0.3181329 0.3229416 0.3240598 0.3147729 0.40222 0.3233441 0.4288082 0.4279341 0.3189181 0.3148501 0.3153877 0.2975286 0.3087764 0.3934923 0.2978294 0.3929217 0.3929047 0.3289899 0.3286581 0.310009 
G000508965 0.3531714 0.2437879 0.296323 0.3055643 0.2592283 0.2649968 0.2548897 0.29692 0.2760508 0.2539009 0.2777702 0.2529459 0.3535041 0.321252 0.2564857 0.1531602 0.2979081 0.2699036 0.0596859 0.2646506 0.2889303 0.2574648 0.3261164 0.2731838 0.3095278 0.3104459 0.2671672 0.2566907 0.2997621 0.3429829 0.3190346 0.4340166 0.2942224 0.2756469 0.3802062 0.3253921 0.2953228 0.3268628 0.3176983 0.2680797 0.315735 0.3273594 0.3189758 0.0 0.3317901 0.3423995 0.3223057 0.3198771 0.311563 0.3192065 0.3234741 0.3206383 0.1723014 0.343565 0.2851426 0.3526269 0.3488471 0.2912608 0.3179817 0.2920785 0.3130966 0.2964519 0.3167362 0.3151578 0.321569 0.3194636 0.0105827 0.254838 0.2802676 0.2701037 0.3851 0.2559761 0.3401676 0.3396623 0.2718681 0.2709218 0.2665787 0.2960705 0.2347809 0.3487075 0.2954389 0.3446312 0.3452173 0.2641944 0.26365 0.260295 
G000518285 0.3340618 0.3162342 0.3159149 0.3037867 0.3195532 0.3417335 0.3326086 0.328525 0.3067379 0.3351597 0.3196723 0.308502 0.3295186 0.2586661 0.3369599 0.3316766 0.3249533 0.3180097 0.3343068 0.3413613 0.3201061 0.3393344 0.4159782 0.3283119 0.2500837 0.249395 0.3278815 0.3172022 0.3428946 0.399436 0.36546 0.3817214 0.4031953 0.3736169 0.4113548 0.3275159 0.4070272 0.3489358 0.2231162 0.3490445 0.3879657 0.199105 0.2272102 0.3317901 0.0 0.3132103 0.148419 0.2243329 0.2549399 0.2194541 0.3290328 0.329031 0.3375304 0.3065269 0.3354902 0.3880689 0.4480398 0.3108191 0.260703 0.3178824 0.2556491 0.3198228 0.2308999 0.2276065 0.2611403 0.2209902 0.3313008 0.3363909 0.3288368 0.3284286 0.42801 0.3360617 0.4661711 0.4652632 0.3297961 0.3285077 0.3296402 0.3157009 0.3199615 0.4296231 0.3154311 0.4290318 0.429014 0.3418862 0.3403689 0.3259326 
G000518305 0.2572446 0.3303047 0.3447076 0.3400384 0.3277607 0.3476648 0.3400151 0.340084 0.321353 0.3487016 0.3295932 0.3257474 0.2539615 0.3270928 0.3505764 0.3390378 0.354286 0.3238423 0.3441929 0.3468938 0.3389395 0.3530448 0.35547 0.3466946 0.3144218 0.3134771 0.34695 0.3303544 0.3666009 0.34943 0.36311 0.37978 0.500468 0.3850632 0.470979 0.3513425 0.35928 0.4187371 0.3114125 0.3623141 0.4491163 0.3196392 0.3172616 0.3423995 0.3132103 0.0 0.3121732 0.3187758 0.3172925 0.3107695 0.377225 0.377223 0.3522412 0.2254583 0.341037 0.4354346 0.4389139 0.3420013 0.3193428 0.3481377 0.3223829 0.349413 0.3196262 0.3150331 0.3277705 0.31223 0.341887 0.3499843 0.3315033 0.3401734 0.39706 0.3504108 0.4173857 0.4164483 0.3541546 0.3402572 0.3466193 0.3394634 0.3353984 0.4386595 0.3372839 0.4380326 0.4380138 0.3797827 0.3462434 0.3350247 
