41
G000024125.fna 0.0 0.25631534278119994 0.26458587383562665 0.268097241568223 0.26663955221179686 0.25992401955936306 0.25673746855532475 0.25374867195471257 0.277466020271115 0.28026198820016107 0.2663125513752477 0.2680221644201702 0.2668774416716261 0.2648466549965847 0.265831698174943 0.2560781536129776 0.2642141659733978 0.25118560784552724 0.26422702469191073 0.25898422881883765 0.26461626484253187 0.2578373240430562 0.25969168028983874 0.33689233827035475 0.3167578809772171 0.3114383500173917 0.26414486683639093 0.2654042236154314 0.26942045794702874 0.26336733167961435 0.26946393892368037 0.2645899917787119 0.26447373453921197 0.25697489710222543 0.2331795841561977 0.27695106538884917 0.2537337088287602 0.2597983910453949 0.3045625738541159 0.2610837572148342 0.269348823592766 
G000153165.fna 0.25631534278119994 0.0 0.25323167521712486 0.2480423424809754 0.24667827693731154 0.2544764562576749 0.25153993156212245 0.25169247880683077 0.26160873932532225 0.2667881212509376 0.2472560486153244 0.23735270310057496 0.24708938989948767 0.2335878971919873 0.2396974559342311 0.2533154450858551 0.24395491671257824 0.2580111459879105 0.24199925558304433 0.2306768615422873 0.2484522673537417 0.24091957097995248 0.24237148589735058 0.31159292045903086 0.2952521676257611 0.2847392586627201 0.23239356595046035 0.26203086399576214 0.2507025700624218 0.23314116261330714 0.25683418340650715 0.2332677353362212 0.23336762490522223 0.2600778503928264 0.26221840702049093 0.2532264956071698 0.248567700146347 0.24444348848565978 0.2764108579194622 0.26547931907401867 0.23919678106909126 
G000173115.fna 0.26458587383562665 0.25323167521712486 0.0 0.246834392081995 0.24113293405368805 0.2656251168595317 0.26380603957783644 0.2626580208522049 0.2731526710297636 0.2737038700001638 0.24615962591456114 0.25480513665704496 0.25435778650323493 0.25148205505052534 0.25712323196557685 0.2673174468324718 0.24197242180194128 0.2670918919057115 0.25990383847654386 0.25237660143394525 0.26261087262298644 0.2567934271151646 0.2448745055583926 0.02715660228142846 0.029939518371144388 0.028942177716085968 0.2512648810277716 0.2820614604049121 0.2577438608998449 0.2505090469890604 0.27036868224761673 0.25073068999296055 0.2513905363107683 0.2703402307753031 0.26897510126082896 0.26390738128006574 0.26094996761226635 0.26746277744276875 0.2860295623339609 0.2780678348969342 0.2584977724927986 
G000186265.fna 0.268097241568223 0.2480423424809754 0.246834392081995 0.0 0.2284822791848577 0.2635073107752058 0.2644593828793169 0.2641948059874327 0.2624750106442898 0.26263287808806607 0.121357142185259 0.24622657929902947 0.2496830929723257 0.2335316560025565 0.24597550642459048 0.266013647466976 0.20915216582447532 0.2696844943478284 0.24996798556393496 0.250738358496218 0.2567211276975774 0.2573340860677645 0.2376867885852918 0.29903326922813994 0.28839078583074973 0.2809666608616024 0.23927280671999357 0.2780160363027158 0.2523046693958776 0.23983484202241603 0.27026846591459824 0.24108840072222237 0.23815021215323018 0.268585345430282 0.2732103921904583 0.2573334356842807 0.2611535762169185 0.2643773690328601 0.27026002603100224 0.27377791046884115 0.23742310430849511 
G000190595.fna 0.26663955221179686 0.24667827693731154 0.24113293405368805 0.2284822791848577 0.0 0.2554635791722151 0.2611961758885476 0.2601902193956668 0.2599997495445308 0.2650237158180198 0.22644141272562718 0.25037298061886076 0.248151433583053 0.22974380509574832 0.24634842504024207 0.2633286997402027 0.23169047594083292 0.2669614888101153 0.25451506422601033 0.24436458681535508 0.25409683258425786 0.2537500267843907 0.2383007014424397 0.2784058272473004 0.27458098864820574 0.2720824124063227 0.23866892136469717 0.27216030650782275 0.25201048684848915 0.2377530085369531 0.26879799042064634 0.22956449849776078 0.22753083757594433 0.2684289646607375 0.2702225335842532 0.2534320993161591 0.25919932547021274 0.25840284983743894 0.2697897939173183 0.27450815377529875 0.24196609526814128 
G000220585.fna 0.25992401955936306 0.2544764562576749 0.2656251168595317 0.2635073107752058 0.2554635791722151 0.0 0.24258605481394574 0.26016205910990786 0.27418800808425864 0.27722279739889927 0.26318227747651846 0.26350928434341797 0.2641181988819456 0.2562344649304191 0.2591142678947227 0.2449663276140064 0.25904211364185137 0.24734834100133152 0.2588131523049976 0.2525659258055156 0.24561796400559566 0.24497952747698806 0.25378917540613566 0.3124189796783415 0.31009442184028996 0.3015149610290314 0.25364744898279235 0.2548154019160699 0.26732887506560193 0.25472199662296924 0.2708281970825281 0.25525613187677443 0.2542119858180179 0.2490828693090259 0.26904732831814504 0.27088133650729124 0.24420008561905548 0.2563141059988215 0.28982716654695584 0.25391606316553417 0.25695115735763496 
G000224085.fna 0.25673746855532475 0.25153993156212245 0.26380603957783644 0.2644593828793169 0.2611961758885476 0.24258605481394574 0.0 0.25554401485980816 0.27403828838069666 0.2768793334063478 0.26392486002477356 0.2597675751127351 0.2593862401838585 0.25604218699260667 0.25492696705096907 0.19468377851313828 0.25959175095181813 0.24173738872389416 0.25359350615600357 0.24504756716718912 0.2452361885611568 0.22605556481205075 0.2524657438883493 0.317509961639303 0.31086103594751224 0.3027055554515135 0.25360828007938324 0.16340609186660912 0.262978075493457 0.25403489993122175 0.26232910829389744 0.2543970491602527 0.2544473321645495 0.1873224297420653 0.261773849567219 0.26895156209505366 0.21993865673467294 0.2510124183029884 0.2962215545181451 0.18879557923471435 0.26117418140264087 
G000382125.fna 0.25374867195471257 0.25169247880683077 0.2626580208522049 0.2641948059874327 0.2601902193956668 0.26016205910990786 0.25554401485980816 0.0 0.2652800050846003 0.2753919650960377 0.2644763175749808 0.263348654061834 0.2589943952512807 0.2578140999436038 0.2603997537388919 0.25778018689587145 0.25966726766398585 0.260423263005281 0.26061597267289616 0.25574589369168654 0.2608723950767924 0.25466411031668246 0.2558580046769273 0.315560184899347 0.30462030157244996 0.25890214615269364 0.2582243439440602 0.2638629249633481 0.26082298859385006 0.25708267939909146 0.2680157900329292 0.258098144703736 0.2582952557599131 0.2614180993394684 0.25894462114853845 0.2649416069955822 0.25126855705957246 0.25925207993080013 0.2878744977445614 0.2665121015888392 0.263469717994981 
G000424985.fna 0.277466020271115 0.26160873932532225 0.2731526710297636 0.2624750106442898 0.2599997495445308 0.27418800808425864 0.27403828838069666 0.2652800050846003 0.0 0.11734120388507674 0.2630731934886038 0.27332150771123837 0.22383678914375899 0.26571879765134343 0.26857245894196197 0.2751955544106251 0.23858490325580872 0.28087732368492413 0.26750127014274894 0.2607548150761404 0.27024951580840084 0.2660444442803751 0.25084852485616893 0.3087199844614692 0.2988569545366988 0.2837359718682607 0.26182739678901557 0.27840842156010775 0.22609776976394286 0.2618126259661189 0.28025361111940095 0.2624590141910538 0.26271430494577713 0.2802751304315385 0.2792659110602514 0.23462236163351927 0.26982961865740723 0.27268767220153517 0.19852955917048176 0.2838865272106952 0.26330802639437084 
G000429545.fna 0.28026198820016107 0.2667881212509376 0.2737038700001638 0.26263287808806607 0.2650237158180198 0.27722279739889927 0.2768793334063478 0.2753919650960377 0.11734120388507674 0.0 0.2660823064645586 0.27241885917062253 0.22397087873684057 0.2655486596547144 0.26962566364605717 0.2769645899628145 0.21535960219356332 0.27547380502263624 0.26474627155398767 0.26425637405647656 0.27555099020116347 0.2686008439367191 0.24990344783424448 0.3084931853304606 0.3033471912275235 0.28468410311521286 0.26234276116963606 0.2854658975673822 0.22556949505361062 0.2615800132445081 0.28113079194793394 0.26253413424527294 0.2612628844959052 0.28139936246410246 0.2819582288990071 0.23041037891905986 0.2741046789079022 0.2763307736825073 0.21404085636228867 0.28529250566045417 0.19896977441865968 
G000468615.fna 0.2663125513752477 0.2472560486153244 0.24615962591456114 0.121357142185259 0.22644141272562718 0.26318227747651846 0.26392486002477356 0.2644763175749808 0.2630731934886038 0.2660823064645586 0.0 0.24858925518758046 0.25102595035482234 0.23463312211927634 0.24117110231577488 0.2659635741139436 0.2075041384198252 0.26632151882334887 0.25565415306505285 0.25007227319321934 0.258134773500321 0.2569941352476508 0.2394549789934003 0.2926611955685947 0.2858144191516206 0.2778174749036209 0.2392283855280794 0.278223079769089 0.25311658764851735 0.23968076901898705 0.2713777857462689 0.23931901995711866 0.2372576546733483 0.2689436588185787 0.2730963881902757 0.25433590007378554 0.26159491080948727 0.25803538667898507 0.2696649282711418 0.2739582508826002 0.24342406051811388 
G000621125.fna 0.2680221644201702 0.23735270310057496 0.25480513665704496 0.24622657929902947 0.25037298061886076 0.26350928434341797 0.2597675751127351 0.263348654061834 0.27332150771123837 0.27241885917062253 0.24858925518758046 0.0 0.2535022422866871 0.22984635471293402 0.24429892872795392 0.2616191162506973 0.24357833218393038 0.2676221776187948 0.24900284731508143 0.23346718025662389 0.25544641697972836 0.25434424189478455 0.24744157369454342 0.3116070424399696 0.3003499007074445 0.2824092144565775 0.23073351935335393 0.27408340839080414 0.2571141328808251 0.23085240790139874 0.25358105654893565 0.23143331988334437 0.23063754920238558 0.2681221114647121 0.2736088830308508 0.2616097945718566 0.26002888738139873 0.25624379734187325 0.28433512145911244 0.27351703658634574 0.2338339373513792 
G000733925.fna 0.2668774416716261 0.24708938989948767 0.25435778650323493 0.2496830929723257 0.248151433583053 0.2641181988819456 0.2593862401838585 0.2589943952512807 0.22383678914375899 0.22397087873684057 0.25102595035482234 0.2535022422866871 0.0 0.24924119854356874 0.2518737804109398 0.2619970226914728 0.2403020786714471 0.2669480205320353 0.25092172194549583 0.24604527006983193 0.2591057028284308 0.2545087980611153 0.23245420895155272 0.30135508744673867 0.2952888691704628 0.28599189564319977 0.2478156874876993 0.2701557539139402 0.01599800859449578 0.24649638949505454 0.2570685806619928 0.24718729891558477 0.2468282239286737 0.26187033499264845 0.27098201717452364 0.11247307798442545 0.25852419426331485 0.256621065067009 0.2209038712804311 0.2672707388686527 0.25142728933037484 
G000744105.fna 0.2648466549965847 0.2335878971919873 0.25148205505052534 0.2335316560025565 0.22974380509574832 0.2562344649304191 0.25604218699260667 0.2578140999436038 0.26571879765134343 0.2655486596547144 0.23463312211927634 0.22984635471293402 0.24924119854356874 0.0 0.22903886152364558 0.257972830974441 0.24164253594513374 0.26434219850713336 0.23992749548617215 0.22228646655888085 0.25002101019020717 0.24798898918859597 0.24400286989345027 0.30664905735861503 0.2990655432657164 0.2860858013871742 0.1474375562499302 0.2661755194984401 0.25094113612255575 0.14416934160473874 0.2605477316907764 0.1485381325257704 0.14333197558638733 0.2634679683439211 0.2696956629160874 0.25323721029546586 0.25582716556938895 0.2491099241837682 0.27861860028697577 0.2685425508550583 0.1356867017999199 
G000744555.fna 0.265831698174943 0.2396974559342311 0.25712323196557685 0.24597550642459048 0.24634842504024207 0.2591142678947227 0.25492696705096907 0.2603997537388919 0.26857245894196197 0.26962566364605717 0.24117110231577488 0.24429892872795392 0.2518737804109398 0.22903886152364558 0.0 0.26037717460311993 0.24789179149440452 0.2661692390459398 0.17071061094769013 0.23559825494071268 0.2544819637668615 0.254356916047208 0.24988229741020462 0.31195810520518225 0.30420562402980744 0.28979959284558265 0.23299414363163048 0.2693090937921614 0.253607487770606 0.22943148083012235 0.2490212876613818 0.23232837873071152 0.220891290987408 0.26371853382794735 0.2715764355608388 0.25238713708773103 0.2568431207684092 0.22788722984167417 0.27592651584746547 0.2699492706172094 0.240043736645359 
G000745185.fna 0.2560781536129776 0.2533154450858551 0.2673174468324718 0.266013647466976 0.2633286997402027 0.2449663276140064 0.19468377851313828 0.25778018689587145 0.2751955544106251 0.2769645899628145 0.2659635741139436 0.2616191162506973 0.2619970226914728 0.257972830974441 0.26037717460311993 0.0 0.26087619983973387 0.2400197377337278 0.25623093897961274 0.2488594378992377 0.24842797094002833 0.2234527587397091 0.2548076782948391 0.32326453013890766 0.3201406399939336 0.30382401631095074 0.25626414232749806 0.10698872872068896 0.26475698600714287 0.25646113037127805 0.26377353975262136 0.2567363778994669 0.2567207495664803 0.13486708811713183 0.2625557374438031 0.2682301022029251 0.21618292624490698 0.24853153252321902 0.29189481441393356 0.1359817817418038 0.26175715934165783 
G000799565.fna 0.2642141659733978 0.24395491671257824 0.24197242180194128 0.20915216582447532 0.23169047594083292 0.25904211364185137 0.25959175095181813 0.25966726766398585 0.23858490325580872 0.21535960219356332 0.2075041384198252 0.24357833218393038 0.2403020786714471 0.24164253594513374 0.24789179149440452 0.26087619983973387 0.0 0.2591786368153485 0.25317751298134433 0.2450732269536724 0.2481934753587921 0.253563891571136 0.2333949447961048 0.2935031738850878 0.2858453182018463 0.2777728325206083 0.24227016351064096 0.2655119623395497 0.23867836147325788 0.24350586236551286 0.2630963898635075 0.24467650759257736 0.24305141018239823 0.26068514844815976 0.26946310655148026 0.2524420909143257 0.2599497882148098 0.2562564473665996 0.23659155408447388 0.26518862616339844 0.21682949589308398 
G000963865.fna 0.25118560784552724 0.2580111459879105 0.2670918919057115 0.2696844943478284 0.2669614888101153 0.24734834100133152 0.24173738872389416 0.260423263005281 0.28087732368492413 0.27547380502263624 0.26632151882334887 0.2676221776187948 0.2669480205320353 0.26434219850713336 0.2661692390459398 0.2400197377337278 0.2591786368153485 0.0 0.2619483635036439 0.2567447517938615 0.25123452202637075 0.2490554032829837 0.2587187205592585 0.32811435929142896 0.32213205446627274 0.30888763502454863 0.2608108217024747 0.23187300825676382 0.2693382933698363 0.2615517729995598 0.26556976788139924 0.2625900055925525 0.26081900856181683 0.24316746593274755 0.2542056485384002 0.27426320279825117 0.2397110028844795 0.254812529937577 0.29924343779643103 0.24687590286874447 0.2615291999977217 
G000973105.fna 0.26422702469191073 0.24199925558304433 0.25990383847654386 0.24996798556393496 0.25451506422601033 0.2588131523049976 0.25359350615600357 0.26061597267289616 0.26750127014274894 0.26474627155398767 0.25565415306505285 0.24900284731508143 0.25092172194549583 0.23992749548617215 0.17071061094769013 0.25623093897961274 0.25317751298134433 0.2619483635036439 0.0 0.2280260776421058 0.2534942446153419 0.2528026893339708 0.25043184228764265 0.32309253433192175 0.3074288661343004 0.2665346846794512 0.2427040395343635 0.2637883465306041 0.254128091347572 0.24156838267295747 0.24632810624373608 0.24293597366917863 0.24223481817191866 0.25988172131470133 0.27106445024607057 0.2598682009050413 0.2548574440711215 0.1811845984901285 0.2739621253978674 0.2647538616858921 0.24718673761207596 
G001020565.fna 0.25898422881883765 0.2306768615422873 0.25237660143394525 0.250738358496218 0.24436458681535508 0.2525659258055156 0.24504756716718912 0.25574589369168654 0.2607548150761404 0.26425637405647656 0.25007227319321934 0.23346718025662389 0.24604527006983193 0.22228646655888085 0.23559825494071268 0.2488594378992377 0.2450732269536724 0.2567447517938615 0.2280260776421058 0.0 0.2471965240220445 0.2419282261626447 0.24406532052067254 0.3084720301518075 0.2977122949624984 0.2864647634358119 0.2136121775733947 0.2590508587924225 0.24941153848391578 0.21670462890218062 0.2567185794786406 0.21342445304761237 0.21515992489614288 0.2548601913936105 0.26094446631815454 0.25137857483213655 0.24644250785510863 0.14155776754148147 0.27492958246948884 0.2587681358363184 0.22837848564154067 
G001306415.fna 0.26461626484253187 0.2484522673537417 0.26261087262298644 0.2567211276975774 0.25409683258425786 0.24561796400559566 0.2452361885611568 0.2608723950767924 0.27024951580840084 0.27555099020116347 0.258134773500321 0.25544641697972836 0.2591057028284308 0.25002101019020717 0.2544819637668615 0.24842797094002833 0.2481934753587921 0.25123452202637075 0.2534942446153419 0.2471965240220445 0.0 0.23993685604485665 0.2517291251257171 0.3185542747989047 0.3117920913274308 0.29611755558854674 0.25025704142004823 0.2520632443100611 0.26231384932035173 0.19731629487448082 0.26607544482187334 0.2519827907859412 0.19475409176448044 0.2523023252867012 0.2710458942981267 0.2630255311608404 0.2457424698288212 0.25341825134383006 0.2878546416075833 0.25740446116282173 0.25312567542801867 
G001413955.fna 0.2578373240430562 0.24091957097995248 0.2567934271151646 0.2573340860677645 0.2537500267843907 0.24497952747698806 0.22605556481205075 0.25466411031668246 0.2660444442803751 0.2686008439367191 0.2569941352476508 0.25434424189478455 0.2545087980611153 0.24798898918859597 0.254356916047208 0.2234527587397091 0.253563891571136 0.2490554032829837 0.2528026893339708 0.2419282261626447 0.23993685604485665 0.0 0.25017307708586844 0.3063763635839212 0.3012972678959686 0.2902064709355383 0.2484857204950384 0.2255789782921292 0.25714226627829323 0.24762032175118245 0.26569767224354623 0.24785454284349248 0.2477989827025167 0.23294986751753605 0.2627544301406105 0.26118494216451793 0.20952930467925462 0.25350985746354093 0.2866988789587002 0.23573306853456366 0.2533043305413173 
G001430825.fna 0.25969168028983874 0.24237148589735058 0.2448745055583926 0.2376867885852918 0.2383007014424397 0.25378917540613566 0.2524657438883493 0.2558580046769273 0.25084852485616893 0.24990344783424448 0.2394549789934003 0.24744157369454342 0.23245420895155272 0.24400286989345027 0.24988229741020462 0.2548076782948391 0.2333949447961048 0.2587187205592585 0.25043184228764265 0.24406532052067254 0.2517291251257171 0.25017307708586844 0.0 0.28650034858508183 0.2814614363854626 0.2697649173629444 0.24155887042490504 0.26193283609141677 0.23412324488232358 0.24262594014053207 0.2623265607733333 0.24238300796820142 0.24319605749980427 0.25552732568188297 0.2648038476603714 0.23825766492394673 0.2491908386102305 0.2556637638937356 0.2527956580715546 0.2591644286825864 0.2458302659646898 
G001438225.fna 0.33689233827035475 0.31159292045903086 0.02715660228142846 0.29903326922813994 0.2784058272473004 0.3124189796783415 0.317509961639303 0.315560184899347 0.3087199844614692 0.3084931853304606 0.2926611955685947 0.3116070424399696 0.30135508744673867 0.30664905735861503 0.31195810520518225 0.32326453013890766 0.2935031738850878 0.32811435929142896 0.32309253433192175 0.3084720301518075 0.3185542747989047 0.3063763635839212 0.28650034858508183 0.0 0.020245426056716285 0.01863614998985625 0.30270842122915526 0.3346820981169726 0.3039444105774843 0.3026912818790723 0.34363700646840917 0.3003241116106436 0.303432475307331 0.3369389868589665 0.33601053482432175 0.303105416525683 0.3141479541314276 0.3397640472692971 0.29749036070154933 0.3386308231379548 0.3073927072823149 
G001438245.fna 0.3167578809772171 0.2952521676257611 0.029939518371144388 0.28839078583074973 0.27458098864820574 0.31009442184028996 0.31086103594751224 0.30462030157244996 0.2988569545366988 0.3033471912275235 0.2858144191516206 0.3003499007074445 0.2952888691704628 0.2990655432657164 0.30420562402980744 0.3201406399939336 0.2858453182018463 0.32213205446627274 0.3074288661343004 0.2977122949624984 0.3117920913274308 0.3012972678959686 0.2814614363854626 0.020245426056716285 0.0 0.020523390379385477 0.29841766192657626 0.3251454026894696 0.298767486454912 0.2968452213367023 0.32546727738999975 0.2967257693463031 0.2988151699870036 0.32847956935622946 0.3149019254950372 0.2969151426441854 0.30508081868856535 0.3206846486253664 0.2911612736682154 0.33205754073281935 0.3040438528561774 
G001439215.fna 0.3114383500173917 0.2847392586627201 0.028942177716085968 0.2809666608616024 0.2720824124063227 0.3015149610290314 0.3027055554515135 0.25890214615269364 0.2837359718682607 0.28468410311521286 0.2778174749036209 0.2824092144565775 0.28599189564319977 0.2860858013871742 0.28979959284558265 0.30382401631095074 0.2777728325206083 0.30888763502454863 0.2665346846794512 0.2864647634358119 0.29611755558854674 0.2902064709355383 0.2697649173629444 0.01863614998985625 0.020523390379385477 0.0 0.28482895691934135 0.30733993444038926 0.2873009394651411 0.28483944159702823 0.3072354894603722 0.28401215329874296 0.28639313247871584 0.3116957384313358 0.31094762228424233 0.2863876743933831 0.29676145856137626 0.30590844208409934 0.2759749488032731 0.3131484831474373 0.2869244920558722 
G001447995.fna 0.26414486683639093 0.23239356595046035 0.2512648810277716 0.23927280671999357 0.23866892136469717 0.25364744898279235 0.25360828007938324 0.2582243439440602 0.26182739678901557 0.26234276116963606 0.2392283855280794 0.23073351935335393 0.2478156874876993 0.1474375562499302 0.23299414363163048 0.25626414232749806 0.24227016351064096 0.2608108217024747 0.2427040395343635 0.2136121775733947 0.25025704142004823 0.2484857204950384 0.24155887042490504 0.30270842122915526 0.29841766192657626 0.28482895691934135 0.0 0.26564384877780056 0.2511594922743152 0.03459487213445757 0.2606907291563493 0.031058975178787092 0.03348845394840982 0.2618031875112978 0.26778725872847914 0.2523618359458433 0.2544479827246693 0.24906853942525709 0.2747426836765087 0.26620090990654366 0.1657492756910019 
G001683915.fna 0.2654042236154314 0.26203086399576214 0.2820614604049121 0.2780160363027158 0.27216030650782275 0.2548154019160699 0.16340609186660912 0.2638629249633481 0.27840842156010775 0.2854658975673822 0.278223079769089 0.27408340839080414 0.2701557539139402 0.2661755194984401 0.2693090937921614 0.10698872872068896 0.2655119623395497 0.23187300825676382 0.2637883465306041 0.2590508587924225 0.2520632443100611 0.2255789782921292 0.26193283609141677 0.3346820981169726 0.3251454026894696 0.30733993444038926 0.26564384877780056 0.0 0.27086367914990983 0.2669456017051544 0.2717907697970371 0.26734752122238004 0.2649588309177694 0.13192733749738728 0.2687722686202528 0.2765143910436557 0.21982884765054733 0.2600139518504612 0.2919568148836249 0.13220106851472063 0.26540429187063636 
G001748465.fna 0.26942045794702874 0.2507025700624218 0.2577438608998449 0.2523046693958776 0.25201048684848915 0.26732887506560193 0.262978075493457 0.26082298859385006 0.22609776976394286 0.22556949505361062 0.25311658764851735 0.2571141328808251 0.01599800859449578 0.25094113612255575 0.253607487770606 0.26475698600714287 0.23867836147325788 0.2693382933698363 0.254128091347572 0.24941153848391578 0.26231384932035173 0.25714226627829323 0.23412324488232358 0.3039444105774843 0.298767486454912 0.2873009394651411 0.2511594922743152 0.27086367914990983 0.0 0.2497808501108033 0.2602207726091609 0.25055276017337436 0.24925586047046677 0.26552139805926694 0.274728683992036 0.1131985397631361 0.26274547625537237 0.26037746998409994 0.22395385969956383 0.27076710399595083 0.25503090287525276 
G001865655.fna 0.26336733167961435 0.23314116261330714 0.2505090469890604 0.23983484202241603 0.2377530085369531 0.25472199662296924 0.25403489993122175 0.25708267939909146 0.2618126259661189 0.2615800132445081 0.23968076901898705 0.23085240790139874 0.24649638949505454 0.14416934160473874 0.22943148083012235 0.25646113037127805 0.24350586236551286 0.2615517729995598 0.24156838267295747 0.21670462890218062 0.19731629487448082 0.24762032175118245 0.24262594014053207 0.3026912818790723 0.2968452213367023 0.28483944159702823 0.03459487213445757 0.2669456017051544 0.2497808501108033 0.0 0.2597398088881182 0.03378090751678115 0.031347179339512754 0.26271766477966896 0.2679289861880112 0.2523882504956342 0.25574180674885183 0.24364446231634668 0.2727519869332561 0.26786415287643084 0.1650059246246643 
G900101815.fna 0.26946393892368037 0.25683418340650715 0.27036868224761673 0.27026846591459824 0.26879799042064634 0.2708281970825281 0.26232910829389744 0.2680157900329292 0.28025361111940095 0.28113079194793394 0.2713777857462689 0.25358105654893565 0.2570685806619928 0.2605477316907764 0.2490212876613818 0.26377353975262136 0.2630963898635075 0.26556976788139924 0.24632810624373608 0.2567185794786406 0.26607544482187334 0.26569767224354623 0.2623265607733333 0.34363700646840917 0.32546727738999975 0.3072354894603722 0.2606907291563493 0.2717907697970371 0.2602207726091609 0.2597398088881182 0.0 0.2605952905432393 0.2603980510550596 0.2682662401445712 0.2747264520992825 0.2709557552940124 0.2645498495271198 0.24687225150127545 0.2933192256959552 0.27450423688074566 0.26164918102755197 
G900105105.fna 0.2645899917787119 0.2332677353362212 0.25073068999296055 0.24108840072222237 0.22956449849776078 0.25525613187677443 0.2543970491602527 0.258098144703736 0.2624590141910538 0.26253413424527294 0.23931901995711866 0.23143331988334437 0.24718729891558477 0.1485381325257704 0.23232837873071152 0.2567363778994669 0.24467650759257736 0.2625900055925525 0.24293597366917863 0.21342445304761237 0.2519827907859412 0.24785454284349248 0.24238300796820142 0.3003241116106436 0.2967257693463031 0.28401215329874296 0.031058975178787092 0.26734752122238004 0.25055276017337436 0.03378090751678115 0.2605952905432393 0.0 0.03307924163258545 0.2630456390231166 0.26829733245193765 0.2528211744891462 0.25472900762177064 0.2489255520065769 0.27458232296199675 0.26758008296729596 0.16646526038691223 
G900105545.fna 0.26447373453921197 0.23336762490522223 0.2513905363107683 0.23815021215323018 0.22753083757594433 0.2542119858180179 0.2544473321645495 0.2582952557599131 0.26271430494577713 0.2612628844959052 0.2372576546733483 0.23063754920238558 0.2468282239286737 0.14333197558638733 0.220891290987408 0.2567207495664803 0.24305141018239823 0.26081900856181683 0.24223481817191866 0.21515992489614288 0.19475409176448044 0.2477989827025167 0.24319605749980427 0.303432475307331 0.2988151699870036 0.28639313247871584 0.03348845394840982 0.2649588309177694 0.24925586047046677 0.031347179339512754 0.2603980510550596 0.03307924163258545 0.0 0.2618802177358551 0.26892612918052133 0.24884905152176945 0.2561220583823215 0.2443920678880462 0.2752480012326626 0.2658542638892979 0.1642736383070259 
G900112295.fna 0.25697489710222543 0.2600778503928264 0.2703402307753031 0.268585345430282 0.2684289646607375 0.2490828693090259 0.1873224297420653 0.2614180993394684 0.2802751304315385 0.28139936246410246 0.2689436588185787 0.2681221114647121 0.26187033499264845 0.2634679683439211 0.26371853382794735 0.13486708811713183 0.26068514844815976 0.24316746593274755 0.25988172131470133 0.2548601913936105 0.2523023252867012 0.23294986751753605 0.25552732568188297 0.3369389868589665 0.32847956935622946 0.3116957384313358 0.2618031875112978 0.13192733749738728 0.26552139805926694 0.26271766477966896 0.2682662401445712 0.2630456390231166 0.2618802177358551 0.0 0.2632985604665479 0.2698085015776437 0.2254506697842365 0.2531064014555857 0.2964431447765962 0.009802102171281492 0.2665894927922928 
G900115205.fna 0.2331795841561977 0.26221840702049093 0.26897510126082896 0.2732103921904583 0.2702225335842532 0.26904732831814504 0.261773849567219 0.25894462114853845 0.2792659110602514 0.2819582288990071 0.2730963881902757 0.2736088830308508 0.27098201717452364 0.2696956629160874 0.2715764355608388 0.2625557374438031 0.26946310655148026 0.2542056485384002 0.27106445024607057 0.26094446631815454 0.2710458942981267 0.2627544301406105 0.2648038476603714 0.33601053482432175 0.3149019254950372 0.31094762228424233 0.26778725872847914 0.2687722686202528 0.274728683992036 0.2679289861880112 0.2747264520992825 0.26829733245193765 0.26892612918052133 0.2632985604665479 0.0 0.27917844752534837 0.257438948302388 0.26793512554372334 0.30365742923124284 0.26630730538443426 0.2771314266189684 
G900129275.fna 0.27695106538884917 0.2532264956071698 0.26390738128006574 0.2573334356842807 0.2534320993161591 0.27088133650729124 0.26895156209505366 0.2649416069955822 0.23462236163351927 0.23041037891905986 0.25433590007378554 0.2616097945718566 0.11247307798442545 0.25323721029546586 0.25238713708773103 0.2682301022029251 0.2524420909143257 0.27426320279825117 0.2598682009050413 0.25137857483213655 0.2630255311608404 0.26118494216451793 0.23825766492394673 0.303105416525683 0.2969151426441854 0.2863876743933831 0.2523618359458433 0.2765143910436557 0.1131985397631361 0.2523882504956342 0.2709557552940124 0.2528211744891462 0.24884905152176945 0.2698085015776437 0.27917844752534837 0.0 0.26485932952021785 0.26069769539599663 0.23051266842630874 0.27376793596307214 0.2571344629256726 
G900129665.fna 0.2537337088287602 0.248567700146347 0.26094996761226635 0.2611535762169185 0.25919932547021274 0.24420008561905548 0.21993865673467294 0.25126855705957246 0.26982961865740723 0.2741046789079022 0.26159491080948727 0.26002888738139873 0.25852419426331485 0.25582716556938895 0.2568431207684092 0.21618292624490698 0.2599497882148098 0.2397110028844795 0.2548574440711215 0.24644250785510863 0.2457424698288212 0.20952930467925462 0.2491908386102305 0.3141479541314276 0.30508081868856535 0.29676145856137626 0.2544479827246693 0.21982884765054733 0.26274547625537237 0.25574180674885183 0.2645498495271198 0.25472900762177064 0.2561220583823215 0.2254506697842365 0.257438948302388 0.26485932952021785 0.0 0.25129620629379634 0.28980405369284373 0.22901393011177107 0.26093395761181987 
G900141855.fna 0.2597983910453949 0.24444348848565978 0.26746277744276875 0.2643773690328601 0.25840284983743894 0.2563141059988215 0.2510124183029884 0.25925207993080013 0.27268767220153517 0.2763307736825073 0.25803538667898507 0.25624379734187325 0.256621065067009 0.2491099241837682 0.22788722984167417 0.24853153252321902 0.2562564473665996 0.254812529937577 0.1811845984901285 0.14155776754148147 0.25341825134383006 0.25350985746354093 0.2556637638937356 0.3397640472692971 0.3206846486253664 0.30590844208409934 0.24906853942525709 0.2600139518504612 0.26037746998409994 0.24364446231634668 0.24687225150127545 0.2489255520065769 0.2443920678880462 0.2531064014555857 0.26793512554372334 0.26069769539599663 0.25129620629379634 0.0 0.28526682081651944 0.25740821843996287 0.2575911648327689 
G900141935.fna 0.3045625738541159 0.2764108579194622 0.2860295623339609 0.27026002603100224 0.2697897939173183 0.28982716654695584 0.2962215545181451 0.2878744977445614 0.19852955917048176 0.21404085636228867 0.2696649282711418 0.28433512145911244 0.2209038712804311 0.27861860028697577 0.27592651584746547 0.29189481441393356 0.23659155408447388 0.29924343779643103 0.2739621253978674 0.27492958246948884 0.2878546416075833 0.2866988789587002 0.2527956580715546 0.29749036070154933 0.2911612736682154 0.2759749488032731 0.2747426836765087 0.2919568148836249 0.22395385969956383 0.2727519869332561 0.2933192256959552 0.27458232296199675 0.2752480012326626 0.2964431447765962 0.30365742923124284 0.23051266842630874 0.28980405369284373 0.28526682081651944 0.0 0.29726682074186916 0.26113300909072723 
G900142405.fna 0.2610837572148342 0.26547931907401867 0.2780678348969342 0.27377791046884115 0.27450815377529875 0.25391606316553417 0.18879557923471435 0.2665121015888392 0.2838865272106952 0.28529250566045417 0.2739582508826002 0.27351703658634574 0.2672707388686527 0.2685425508550583 0.2699492706172094 0.1359817817418038 0.26518862616339844 0.24687590286874447 0.2647538616858921 0.2587681358363184 0.25740446116282173 0.23573306853456366 0.2591644286825864 0.3386308231379548 0.33205754073281935 0.3131484831474373 0.26620090990654366 0.13220106851472063 0.27076710399595083 0.26786415287643084 0.27450423688074566 0.26758008296729596 0.2658542638892979 0.009802102171281492 0.26630730538443426 0.27376793596307214 0.22901393011177107 0.25740821843996287 0.29726682074186916 0.0 0.2716492885552542 
G900155985.fna 0.269348823592766 0.23919678106909126 0.2584977724927986 0.23742310430849511 0.24196609526814128 0.25695115735763496 0.26117418140264087 0.263469717994981 0.26330802639437084 0.19896977441865968 0.24342406051811388 0.2338339373513792 0.25142728933037484 0.1356867017999199 0.240043736645359 0.26175715934165783 0.21682949589308398 0.2615291999977217 0.24718673761207596 0.22837848564154067 0.25312567542801867 0.2533043305413173 0.2458302659646898 0.3073927072823149 0.3040438528561774 0.2869244920558722 0.1657492756910019 0.26540429187063636 0.25503090287525276 0.1650059246246643 0.26164918102755197 0.16646526038691223 0.1642736383070259 0.2665894927922928 0.2771314266189684 0.2571344629256726 0.26093395761181987 0.2575911648327689 0.26113300909072723 0.2716492885552542 0.0 
