41
G000024125.fna 0.0 0.3088276657358186 0.31948799327469474 0.3239824125871348 0.32087300100379 0.31377657444116797 0.3067537883634229 0.30528248370433414 0.33300090978119684 0.33581856171912716 0.32281020302199426 0.32308973046272993 0.319848362003781 0.32018253171493627 0.32065188663891553 0.30455988363480796 0.3168886294376833 0.2981995774829406 0.3160125479260356 0.311298922757068 0.3159469508195861 0.3107736843799433 0.3097587386214549 0.3930770515185822 0.37504174633938453 0.36704413658278934 0.31827237968097966 0.31170668428703796 0.3220834354159377 0.31778260275018094 0.31890352629639884 0.31903431597901166 0.3190283101124549 0.30355405547363074 0.27062903465517546 0.32941526463939697 0.30349624362564676 0.30673643290048197 0.35765807564355107 0.3074653483739262 0.32499221709078263 
G000153165.fna 0.3088276657358186 0.0 0.2999243176351607 0.28676391674191176 0.28435445817982363 0.296497948427561 0.2938739562134943 0.2923432850815806 0.30005958357632523 0.30495160925802345 0.2858229351179525 0.2764750753953218 0.2859492622027598 0.27122639698069806 0.27970849127825176 0.29736153840002794 0.2825914631564842 0.30349190027377415 0.28373399364447227 0.2701405672901282 0.29300906066224897 0.2821994699918955 0.28169485664300736 0.3488691610570018 0.3387713932798294 0.32659603362910505 0.270809224156323 0.30514045761781927 0.28941643665189654 0.27141634487823346 0.3018602963268807 0.2715601656947065 0.27175292402996687 0.30686773054800737 0.31527621155822805 0.2907880949078878 0.29189851231230995 0.28799368052842667 0.3111023089268181 0.31239302194039387 0.27705641169107426 
G000173115.fna 0.31948799327469474 0.2999243176351607 0.0 0.2891981174262428 0.28177752056876576 0.30949705356756374 0.31228647458025655 0.30971687412590865 0.3149550652839222 0.3193954063827084 0.288884905975116 0.3018803729050115 0.3008088677113713 0.29534057141456777 0.3056801782814017 0.31663556604019044 0.28497362833318524 0.3178055260462318 0.3109653427450429 0.2978069022348771 0.31151287535547073 0.3020022572050794 0.2881294926525261 0.03157268870334826 0.03491529519019715 0.033619269175904284 0.2956013331769996 0.32937847971827316 0.3037914942522922 0.29463787989428036 0.32379945295012763 0.29543880150086316 0.29596929702457453 0.32145091321333297 0.3241739563612827 0.3097545401556632 0.310412087613035 0.32022095044530463 0.32512894422089567 0.3295367895264739 0.3020803271692304 
G000186265.fna 0.3239824125871348 0.28676391674191176 0.2891981174262428 0.0 0.2540394280705822 0.29905895311152675 0.3066260537945735 0.30376583693082915 0.29433122275880746 0.2955021464529567 0.13362805483998294 0.2817482710866607 0.2865903471190459 0.2639878634354247 0.28015559997668843 0.31033037344942627 0.2359642793929188 0.3184770702919557 0.28947090894962196 0.2866647099285166 0.3007083500147437 0.2955708615161181 0.2734590329737177 0.3327239282465461 0.32654873446061916 0.31652882434142005 0.2712003778679981 0.32277551900402823 0.28901718396463794 0.2720623401194684 0.3155821492228307 0.2732892910515961 0.27045708923095835 0.3158567504488203 0.3288574851667586 0.29338298978339494 0.30673881072655196 0.30944640693139874 0.3005701742212217 0.3208658439306273 0.26750644345180025 
G000190595.fna 0.32087300100379 0.28435445817982363 0.28177752056876576 0.2540394280705822 0.0 0.2879479796765338 0.30281858752434404 0.2988248701066865 0.29097869517084296 0.2986030697544329 0.2524894013575523 0.28534109994578793 0.28507856795921893 0.26066429320966816 0.2804342939385723 0.30703759463510577 0.26248570789003745 0.3143542609587805 0.2952597543705482 0.2804224762617158 0.2966817207498866 0.2924075618487613 0.2751827023840196 0.31383700626059036 0.3120456616605685 0.30628268878092224 0.27016151941937205 0.3158996012011904 0.288430586570733 0.26966438826610506 0.3151308422264223 0.26199722142306187 0.2600076857459135 0.3142844476642929 0.3246333833790951 0.28927025592844613 0.3052670769720134 0.304015544742698 0.29832628405544304 0.31955335024842124 0.2717393424073512 
G000220585.fna 0.31377657444116797 0.296497948427561 0.30949705356756374 0.29905895311152675 0.2879479796765338 0.0 0.2838083887723913 0.3047659888115014 0.3127954161627596 0.3172083070209464 0.29922336033701313 0.3045014777157717 0.3060330748171469 0.2922486842067833 0.2995699665592655 0.2879676765859236 0.296350859840784 0.2922809343174756 0.30354802104369805 0.2916132472308166 0.28562526181112213 0.283453383169638 0.2949557250823886 0.3481726471163268 0.3461278003785822 0.3358276328298878 0.29079500545540476 0.2973881782693793 0.3086297956387075 0.2919663277694269 0.32008352387987027 0.2921509363008324 0.2918702686207857 0.29504977916881864 0.3212218015450884 0.31224689602321865 0.2876422777879472 0.303752879478804 0.3221856809802702 0.3000163834584579 0.29247880195626696 
G000224085.fna 0.3067537883634229 0.2938739562134943 0.31228647458025655 0.3066260537945735 0.30281858752434404 0.2838083887723913 0.0 0.30170848547722534 0.3155263279986483 0.31658008279923494 0.30700267518339286 0.30355093676929407 0.29904917915154894 0.29856852202929185 0.29885190481972485 0.22058464971332842 0.3003385628275783 0.28115264490929415 0.296533770541925 0.2865572560689351 0.2855225621567562 0.2603880897749203 0.2928669353704187 0.3576727864627298 0.35410122118051124 0.342572132914024 0.2956016967424401 0.1865509397422181 0.30278033641174873 0.29614264705501003 0.30695971105156616 0.29639392271995085 0.2962063921344983 0.21255516116952844 0.31089729697085344 0.3079465846080175 0.2551919181046565 0.2950456945402639 0.33018967043432235 0.21417709135697305 0.3030881725121541 
G000382125.fna 0.30528248370433414 0.2923432850815806 0.30971687412590865 0.30376583693082915 0.2988248701066865 0.3047659888115014 0.30170848547722534 0.0 0.30556339512365993 0.3161894440996389 0.30538044059461206 0.30399391207775084 0.29925926352473775 0.29949859359818887 0.30390556837992055 0.30357112646542517 0.298475926565853 0.3075758207159044 0.305788141618201 0.2986107213896514 0.30744820887575713 0.2976979370108674 0.2955352202011389 0.35714430826971044 0.3493447159077354 0.3056496781013699 0.3008826387841777 0.3104286000784785 0.30104986302371894 0.298892524894042 0.31565733613288216 0.3000161644610557 0.30025769842377337 0.3099351093869711 0.30955669699232674 0.30423821715410715 0.2978115924890354 0.3070484306568017 0.3243572522948553 0.3148496854641885 0.30533297420349426 
G000424985.fna 0.33300090978119684 0.30005958357632523 0.3149550652839222 0.29433122275880746 0.29097869517084296 0.3127954161627596 0.3155263279986483 0.30556339512365993 0.0 0.1292973952720864 0.29609911951531614 0.3088511299234199 0.2554214940466442 0.30038885047302555 0.30565806725727074 0.31869858342744833 0.275961482638608 0.32872341498003455 0.3088845261477863 0.29917982693624035 0.3138610388299439 0.30663134506795137 0.28717813361866984 0.3405694413321781 0.33544988792551 0.3198155805422244 0.29788137181629837 0.32169630925728 0.25773189165645183 0.2980981432105504 0.3233336211612001 0.29820831105108414 0.2989490420486177 0.3246262228406094 0.3331435162456926 0.2656085443452865 0.3145996459871431 0.3172585468949542 0.2283536463619453 0.3280235805751149 0.29571028430018126 
G000429545.fna 0.33581856171912716 0.30495160925802345 0.3193954063827084 0.2955021464529567 0.2986030697544329 0.3172083070209464 0.31658008279923494 0.3161894440996389 0.1292973952720864 0.0 0.3002374174065663 0.3097175635715279 0.2538163833020064 0.30250632293040247 0.3067218365305058 0.3178515493462578 0.2520515093744351 0.3226548411833141 0.30563187536784664 0.30201835900164753 0.32008023445368705 0.30955405019065296 0.28648770975649135 0.34770277750632683 0.344226903698335 0.32594746564091326 0.30076434897976323 0.3260921987158759 0.2552799920485301 0.2999436265277508 0.32274332070526734 0.30061230807811007 0.2989582100658121 0.32478149166136167 0.3361056498415098 0.26128453342643143 0.3182784557201327 0.320610661531719 0.24291764796287763 0.3283305983343483 0.23446267819136696 
G000468615.fna 0.32281020302199426 0.2858229351179525 0.288884905975116 0.13362805483998294 0.2524894013575523 0.29922336033701313 0.30700267518339286 0.30538044059461206 0.29609911951531614 0.3002374174065663 0.0 0.2849753317398554 0.2883607063973258 0.264567494848669 0.2757036800019778 0.310226775066155 0.23550728203693255 0.31582352401613933 0.29510107535854596 0.28686805113015573 0.3018767828517145 0.29639635846280243 0.27587054853836207 0.3280901796409082 0.32425309038498756 0.314632193184464 0.27140841018049244 0.323249288012547 0.29011958209305594 0.2716163067726206 0.31714770751228666 0.2714876665525503 0.2692961129903418 0.3169909405122702 0.32915103329849565 0.290283814988173 0.30764311352050205 0.3024986626825146 0.2999252295856761 0.3217416271327701 0.2738867264802866 
G000621125.fna 0.32308973046272993 0.2764750753953218 0.3018803729050115 0.2817482710866607 0.28534109994578793 0.3045014777157717 0.30355093676929407 0.30399391207775084 0.3088511299234199 0.3097175635715279 0.2849753317398554 0.0 0.2927457253161871 0.2649898922431835 0.2842128750512288 0.306532621464492 0.2791413943091544 0.3153081510220671 0.29146482914316657 0.2692384032887274 0.29788911050251277 0.2953236273551637 0.2872634444657532 0.3495604939997995 0.3423118314623319 0.3207403882674563 0.26586442927703 0.31789985840662716 0.29586580177011373 0.2657833122349677 0.2968683804821515 0.26639088667956146 0.2659937666610719 0.31445403741212186 0.32764997742439017 0.2997092150043937 0.30629283709481436 0.301019967547149 0.3172650295347873 0.3193200792647406 0.2681242886511413 
G000733925.fna 0.319848362003781 0.2859492622027598 0.3008088677113713 0.2865903471190459 0.28507856795921893 0.3060330748171469 0.29904917915154894 0.29925926352473775 0.2554214940466442 0.2538163833020064 0.2883607063973258 0.2927457253161871 0.0 0.28759318869479705 0.29038701659401955 0.3017894860604813 0.277475720751841 0.31264541368833365 0.2903260088122467 0.2846035215105219 0.3028466291581901 0.2946807176325211 0.26856034730788336 0.34251115546700633 0.33869731095899447 0.3272277557191918 0.2861454478958616 0.3069737029256012 0.018796329216563063 0.2847923813430953 0.2979779994301407 0.28606880678741187 0.28533905958547257 0.30369145130062036 0.32230341612424135 0.12237272901115806 0.3004480841861124 0.29851840235021737 0.25176341851936546 0.3085469167553966 0.2876209635642751 
G000744105.fna 0.32018253171493627 0.27122639698069806 0.29534057141456777 0.2639878634354247 0.26066429320966816 0.2922486842067833 0.29856852202929185 0.29949859359818887 0.30038885047302555 0.30250632293040247 0.264567494848669 0.2649898922431835 0.28759318869479705 0.0 0.2622430905311664 0.30239685667613525 0.27631473578159327 0.31211172627352524 0.27813751271517395 0.2549825136045415 0.2935507886823728 0.2881390639520848 0.28294645627331727 0.34037563758897815 0.33557197291868174 0.32268446904820325 0.16478984270434244 0.31026330692128296 0.28913094747407064 0.1613307584116927 0.3061039870708886 0.1663512846536446 0.16048511893716147 0.3105884583334277 0.32379809721428165 0.2907329251693494 0.3012959466350805 0.29169434857556925 0.3098626105254223 0.3153651928835882 0.14894418533022527 
G000744555.fna 0.32065188663891553 0.27970849127825176 0.3056801782814017 0.28015559997668843 0.2804342939385723 0.2995699665592655 0.29885190481972485 0.30390556837992055 0.30565806725727074 0.3067218365305058 0.2757036800019778 0.2842128750512288 0.29038701659401955 0.2622430905311664 0.0 0.30430180543368623 0.28670337372062443 0.31441008957503136 0.19269742324127911 0.2723082376856255 0.2993638196625199 0.29545280871411433 0.29003091439421635 0.35297544536042924 0.3488169333619147 0.3336331888827361 0.2677404981644447 0.3131225012947021 0.29142054703434106 0.26357136785288243 0.2887925970584318 0.2669637396172591 0.2548678778242403 0.3107532846442025 0.3251337852464734 0.2888597996981843 0.303004741180406 0.2638323230072466 0.3112004899032408 0.3165897095752013 0.2734111115555131 
G000745185.fna 0.30455988363480796 0.29736153840002794 0.31663556604019044 0.31033037344942627 0.30703759463510577 0.2879676765859236 0.22058464971332842 0.30357112646542517 0.31869858342744833 0.3178515493462578 0.310226775066155 0.306532621464492 0.3017894860604813 0.30239685667613525 0.30430180543368623 0.0 0.3032434385906908 0.278043706156207 0.2988552017205243 0.29093065455213807 0.289261125826783 0.25609221069227267 0.29441030488407005 0.36519433025599823 0.36290985061717784 0.3477404003161497 0.2990347646464695 0.12175761484666289 0.3036624201600889 0.29947973019789575 0.3073482382356959 0.2999520630296941 0.2999066113522624 0.15940963496397903 0.31106531148704275 0.3071224428525835 0.24884309295897222 0.29244238529748445 0.3276628300190616 0.16062529644297796 0.3047810829041691 
G000799565.fna 0.3168886294376833 0.2825914631564842 0.28497362833318524 0.2359642793929188 0.26248570789003745 0.296350859840784 0.3003385628275783 0.298475926565853 0.275961482638608 0.2520515093744351 0.23550728203693255 0.2791413943091544 0.277475720751841 0.27631473578159327 0.28670337372062443 0.3032434385906908 0.0 0.3047943185794375 0.29457510385479324 0.2823412702680629 0.2902663228313155 0.29372727768891543 0.2695297104669998 0.32645307215413805 0.3237568519015069 0.3129933520221555 0.27799330034175124 0.30605544355711517 0.27527439593324476 0.2781017971939562 0.3058690522926192 0.280460836843771 0.2781667428572443 0.30595675907664593 0.32255756543501246 0.2901438227196323 0.30548174933501515 0.3013418511827085 0.27397879719941975 0.3099748291707271 0.24944414772105783 
G000963865.fna 0.2981995774829406 0.30349190027377415 0.3178055260462318 0.3184770702919557 0.3143542609587805 0.2922809343174756 0.28115264490929415 0.3075758207159044 0.32872341498003455 0.3226548411833141 0.31582352401613933 0.3153081510220671 0.31264541368833365 0.31211172627352524 0.31441008957503136 0.278043706156207 0.3047943185794375 0.0 0.3055257031533042 0.30066862721076637 0.2926326625797737 0.2909187648310516 0.30219082105131556 0.37123824807907385 0.36908893552007743 0.35407187254928163 0.3079037999496443 0.2673572380677016 0.3144409605142236 0.30852682680773424 0.30929472538295294 0.3100038264114432 0.3078335725191899 0.28044056966750885 0.3020296430057522 0.31987841020966434 0.28144571953633035 0.29633724676403594 0.33940329008218234 0.2835501367984914 0.3072334480028094 
G000973105.fna 0.3160125479260356 0.28373399364447227 0.3109653427450429 0.28947090894962196 0.2952597543705482 0.30354802104369805 0.296533770541925 0.305788141618201 0.3088845261477863 0.30563187536784664 0.29510107535854596 0.29146482914316657 0.2903260088122467 0.27813751271517395 0.19269742324127911 0.2988552017205243 0.29457510385479324 0.3055257031533042 0.0 0.2633269656321684 0.2986225028544958 0.2970928034650355 0.2919170926183694 0.36528046592620844 0.35562216064811425 0.31609488056132873 0.28251250336929207 0.30504664378582436 0.2929269645891894 0.28108445045295805 0.28421877268221796 0.28246065091521194 0.2811646701401485 0.3035699413018549 0.3220138250557884 0.29791412789261723 0.3008048464790444 0.2078252825613784 0.3099545442448212 0.3078169861750907 0.28570980596372564 
G001020565.fna 0.311298922757068 0.2701405672901282 0.2978069022348771 0.2866647099285166 0.2804224762617158 0.2916132472308166 0.2865572560689351 0.2986107213896514 0.29917982693624035 0.30201835900164753 0.28686805113015573 0.2692384032887274 0.2846035215105219 0.2549825136045415 0.2723082376856255 0.29093065455213807 0.2823412702680629 0.30066862721076637 0.2633269656321684 0.0 0.2894833309811309 0.28233968786244085 0.2823761052061095 0.34629679720164086 0.33928707953914283 0.32634213678158686 0.2452804190031947 0.3013982070987339 0.28752240540016055 0.249015461510795 0.3002944661891691 0.24542016508823977 0.24776901230179552 0.2991615867050159 0.31320884008528604 0.28835990332698586 0.2899256365523745 0.1671367993581933 0.3068402755914795 0.3030214753238031 0.2607982777036245 
G001306415.fna 0.3159469508195861 0.29300906066224897 0.31151287535547073 0.3007083500147437 0.2966817207498866 0.28562526181112213 0.2855225621567562 0.30744820887575713 0.3138610388299439 0.32008023445368705 0.3018767828517145 0.29788911050251277 0.3028466291581901 0.2935507886823728 0.2993638196625199 0.289261125826783 0.2902663228313155 0.2926326625797737 0.2986225028544958 0.2894833309811309 0.0 0.28032077829577695 0.2940976922015946 0.35987736150686434 0.3554288164266667 0.33977971363952425 0.2930519967075096 0.2913686228538265 0.30551617901436345 0.23548672409185806 0.3129391911982822 0.2950936440693687 0.23290309137333015 0.2935286734695515 0.32040852760537103 0.305735058861641 0.28621521267982886 0.2982560120900495 0.326547950957011 0.29827269805512696 0.2947860415659024 
G001413955.fna 0.3107736843799433 0.2821994699918955 0.3020022572050794 0.2955708615161181 0.2924075618487613 0.283453383169638 0.2603880897749203 0.2976979370108674 0.30663134506795137 0.30955405019065296 0.29639635846280243 0.2953236273551637 0.2946807176325211 0.2881390639520848 0.29545280871411433 0.25609221069227267 0.29372727768891543 0.2909187648310516 0.2970928034650355 0.28233968786244085 0.28032077829577695 0.0 0.28905611529327674 0.34494771683103753 0.3421301538172983 0.32948562718148955 0.2879185103147006 0.25761826738385674 0.2970120561991103 0.2869674948034768 0.3125482009645031 0.2868285617469264 0.2868506065730639 0.2695509645484325 0.31498245906238226 0.30047941384011984 0.24125516752640408 0.3001615115870261 0.32216071997124246 0.27177513861054986 0.2928540378954907 
G001430825.fna 0.3097587386214549 0.28169485664300736 0.2881294926525261 0.2734590329737177 0.2751827023840196 0.2949557250823886 0.2928669353704187 0.2955352202011389 0.28717813361866984 0.28648770975649135 0.27587054853836207 0.2872634444657532 0.26856034730788336 0.28294645627331727 0.29003091439421635 0.29441030488407005 0.2695297104669998 0.30219082105131556 0.2919170926183694 0.2823761052061095 0.2940976922015946 0.28905611529327674 0.0 0.3251148926683406 0.322342484412331 0.30992890723885774 0.2793312184980519 0.3008786989159008 0.2700968855438748 0.28077608487764344 0.3068537482903488 0.2803659240719033 0.28119958054925737 0.2981598368070159 0.3137042563728729 0.27354627706808443 0.29137901904658003 0.29963766665595265 0.28596741176870194 0.30139980790714743 0.2842283092312269 
G001438225.fna 0.3930770515185822 0.3488691610570018 0.03157268870334826 0.3327239282465461 0.31383700626059036 0.3481726471163268 0.3576727864627298 0.35714430826971044 0.3405694413321781 0.34770277750632683 0.3280901796409082 0.3495604939997995 0.34251115546700633 0.34037563758897815 0.35297544536042924 0.36519433025599823 0.32645307215413805 0.37123824807907385 0.36528046592620844 0.34629679720164086 0.35987736150686434 0.34494771683103753 0.3251148926683406 0.0 0.02382174792753048 0.021917413551488213 0.3387732122307223 0.3694982205834018 0.345357862236685 0.3385779495756062 0.3890357079298419 0.33836768463953404 0.3404657197271629 0.3817876281481331 0.38524371921416495 0.3429746238405891 0.3579696800891061 0.3857100498842436 0.33350265910938504 0.38289411114508226 0.34068167348456285 
G001438245.fna 0.37504174633938453 0.3387713932798294 0.03491529519019715 0.32654873446061916 0.3120456616605685 0.3461278003785822 0.35410122118051124 0.3493447159077354 0.33544988792551 0.344226903698335 0.32425309038498756 0.3423118314623319 0.33869731095899447 0.33557197291868174 0.3488169333619147 0.36290985061717784 0.3237568519015069 0.36908893552007743 0.35562216064811425 0.33928707953914283 0.3554288164266667 0.3421301538172983 0.322342484412331 0.02382174792753048 0.0 0.024202329212649556 0.3358935180032003 0.3628637861704579 0.3414548766440688 0.33564714249882444 0.3761045311999709 0.3353800711181659 0.33827328527300515 0.37520089654438504 0.369130210644874 0.3393325421772961 0.3530364359487808 0.3723690232812136 0.3298956235242953 0.3771673692627567 0.339089325196927 
G001439215.fna 0.36704413658278934 0.32659603362910505 0.033619269175904284 0.31652882434142005 0.30628268878092224 0.3358276328298878 0.342572132914024 0.3056496781013699 0.3198155805422244 0.32594746564091326 0.314632193184464 0.3207403882674563 0.3272277557191918 0.32268446904820325 0.3336331888827361 0.3477404003161497 0.3129933520221555 0.35407187254928163 0.31609488056132873 0.32634213678158686 0.33977971363952425 0.32948562718148955 0.30992890723885774 0.021917413551488213 0.024202329212649556 0.0 0.32275505527168447 0.3484373729604376 0.3282458794276715 0.32255705781093225 0.35875802977129634 0.3221971563318204 0.32505334867482605 0.35940781729378524 0.3646958664305109 0.32673801452898 0.3422270195058589 0.3558891049620192 0.31332198658044463 0.35937728815386666 0.32368944873882066 
G001447995.fna 0.31827237968097966 0.270809224156323 0.2956013331769996 0.2712003778679981 0.27016151941937205 0.29079500545540476 0.2956016967424401 0.3008826387841777 0.29788137181629837 0.30076434897976323 0.27140841018049244 0.26586442927703 0.2861454478958616 0.16478984270434244 0.2677404981644447 0.2990347646464695 0.27799330034175124 0.3079037999496443 0.28251250336929207 0.2452804190031947 0.2930519967075096 0.2879185103147006 0.2793312184980519 0.3387732122307223 0.3358935180032003 0.32275505527168447 0.0 0.30929450855710855 0.28899433188569845 0.03835041838960659 0.30578045940008564 0.03435449762824107 0.03718569506684549 0.3092080279390994 0.3210515561801316 0.28913708108926967 0.2990858235013556 0.291587195979813 0.30804527711120655 0.3130858130020939 0.1846303748577 
G001683915.fna 0.31170668428703796 0.30514045761781927 0.32937847971827316 0.32277551900402823 0.3158996012011904 0.2973881782693793 0.1865509397422181 0.3104286000784785 0.32169630925728 0.3260921987158759 0.323249288012547 0.31789985840662716 0.3069737029256012 0.31026330692128296 0.3131225012947021 0.12175761484666289 0.30605544355711517 0.2673572380677016 0.30504664378582436 0.3013982070987339 0.2913686228538265 0.25761826738385674 0.3008786989159008 0.3694982205834018 0.3628637861704579 0.3484373729604376 0.30929450855710855 0.0 0.30690289394809606 0.3104265794348154 0.31173499256072945 0.31106246038336693 0.3080261304729883 0.15446011221638417 0.3168476213743052 0.31299170935741893 0.2517813784001094 0.30156100622368875 0.328274720509297 0.1549409841054536 0.30841030295473726 
G001748465.fna 0.3220834354159377 0.28941643665189654 0.3037914942522922 0.28901718396463794 0.288430586570733 0.3086297956387075 0.30278033641174873 0.30104986302371894 0.25773189165645183 0.2552799920485301 0.29011958209305594 0.29586580177011373 0.018796329216563063 0.28913094747407064 0.29142054703434106 0.3036624201600889 0.27527439593324476 0.3144409605142236 0.2929269645891894 0.28752240540016055 0.30551617901436345 0.2970120561991103 0.2700968855438748 0.345357862236685 0.3414548766440688 0.3282458794276715 0.28899433188569845 0.30690289394809606 0.0 0.28770511456590314 0.30055652844509195 0.2890296135299451 0.2872963744473926 0.3075988435350404 0.32625101913270976 0.12325596175454714 0.30465224238914995 0.301710594340886 0.25456760821503216 0.3119536347636909 0.29094151736039864 
G001865655.fna 0.31778260275018094 0.27141634487823346 0.29463787989428036 0.2720623401194684 0.26966438826610506 0.2919663277694269 0.29614264705501003 0.298892524894042 0.2980981432105504 0.2999436265277508 0.2716163067726206 0.2657833122349677 0.2847923813430953 0.1613307584116927 0.26357136785288243 0.29947973019789575 0.2781017971939562 0.30852682680773424 0.28108445045295805 0.249015461510795 0.23548672409185806 0.2869674948034768 0.28077608487764344 0.3385779495756062 0.33564714249882444 0.32255705781093225 0.03835041838960659 0.3104265794348154 0.28770511456590314 0.0 0.30520027414991163 0.037511083552220985 0.034722162790237654 0.3102207778269656 0.3216625450668581 0.2896953140713785 0.2997494892715809 0.2850105173397373 0.30594825669689685 0.31487664658697656 0.18352922754092338 
G900101815.fna 0.31890352629639884 0.3018602963268807 0.32379945295012763 0.3155821492228307 0.3151308422264223 0.32008352387987027 0.30695971105156616 0.31565733613288216 0.3233336211612001 0.32274332070526734 0.31714770751228666 0.2968683804821515 0.2979779994301407 0.3061039870708886 0.2887925970584318 0.3073482382356959 0.3058690522926192 0.30929472538295294 0.28421877268221796 0.3002944661891691 0.3129391911982822 0.3125482009645031 0.3068537482903488 0.3890357079298419 0.3761045311999709 0.35875802977129634 0.30578045940008564 0.31173499256072945 0.30055652844509195 0.30520027414991163 0.0 0.3060712356687029 0.30550195520711076 0.311792583219684 0.326576638701336 0.3118334905399668 0.31282464825936934 0.28430286127333404 0.3329930829839237 0.3173981035008964 0.30523239104318156 
G900105105.fna 0.31903431597901166 0.2715601656947065 0.29543880150086316 0.2732892910515961 0.26199722142306187 0.2921509363008324 0.29639392271995085 0.3000161644610557 0.29820831105108414 0.30061230807811007 0.2714876665525503 0.26639088667956146 0.28606880678741187 0.1663512846536446 0.2669637396172591 0.2999520630296941 0.280460836843771 0.3100038264114432 0.28246065091521194 0.24542016508823977 0.2950936440693687 0.2868285617469264 0.2803659240719033 0.33836768463953404 0.3353800711181659 0.3221971563318204 0.03435449762824107 0.31106246038336693 0.2890296135299451 0.037511083552220985 0.3060712356687029 0.0 0.03695689908598487 0.31063894975620976 0.3218747537404955 0.289959808402661 0.29874053645805454 0.2912973359962472 0.3076310991889696 0.31469922495337377 0.1851848189247472 
G900105545.fna 0.3190283101124549 0.27175292402996687 0.29596929702457453 0.27045708923095835 0.2600076857459135 0.2918702686207857 0.2962063921344983 0.30025769842377337 0.2989490420486177 0.2989582100658121 0.2692961129903418 0.2659937666610719 0.28533905958547257 0.16048511893716147 0.2548678778242403 0.2999066113522624 0.2781667428572443 0.3078335725191899 0.2811646701401485 0.24776901230179552 0.23290309137333015 0.2868506065730639 0.28119958054925737 0.3404657197271629 0.33827328527300515 0.32505334867482605 0.03718569506684549 0.3080261304729883 0.2872963744473926 0.034722162790237654 0.30550195520711076 0.03695689908598487 0.0 0.30915124497722846 0.3226475852338774 0.2856534073374639 0.3008374730209019 0.2857262517147596 0.308114123813297 0.31294737543847206 0.1829239257708335 
G900112295.fna 0.30355405547363074 0.30686773054800737 0.32145091321333297 0.3158567504488203 0.3142844476642929 0.29504977916881864 0.21255516116952844 0.3099351093869711 0.3246262228406094 0.32478149166136167 0.3169909405122702 0.31445403741212186 0.30369145130062036 0.3105884583334277 0.3107532846442025 0.15940963496397903 0.30595675907664593 0.28044056966750885 0.3035699413018549 0.2991615867050159 0.2935286734695515 0.2695509645484325 0.2981598368070159 0.3817876281481331 0.37520089654438504 0.35940781729378524 0.3092080279390994 0.15446011221638417 0.3075988435350404 0.3102207778269656 0.311792583219684 0.31063894975620976 0.30915124497722846 0.0 0.31239657183294045 0.31047517924514323 0.2604482103823841 0.29508592801308353 0.33512096207634884 0.01152229708104527 0.3131915426473135 
G900115205.fna 0.27062903465517546 0.31527621155822805 0.3241739563612827 0.3288574851667586 0.3246333833790951 0.3212218015450884 0.31089729697085344 0.30955669699232674 0.3331435162456926 0.3361056498415098 0.32915103329849565 0.32764997742439017 0.32230341612424135 0.32379809721428165 0.3251337852464734 0.31106531148704275 0.32255756543501246 0.3020296430057522 0.3220138250557884 0.31320884008528604 0.32040852760537103 0.31498245906238226 0.3137042563728729 0.38524371921416495 0.369130210644874 0.3646958664305109 0.3210515561801316 0.3168476213743052 0.32625101913270976 0.3216625450668581 0.326576638701336 0.3218747537404955 0.3226475852338774 0.31239657183294045 0.0 0.33064190895798046 0.30696782850325927 0.3187623806880304 0.352527449801744 0.3156585246268615 0.3312494550387207 
G900129275.fna 0.32941526463939697 0.2907880949078878 0.3097545401556632 0.29338298978339494 0.28927025592844613 0.31224689602321865 0.3079465846080175 0.30423821715410715 0.2656085443452865 0.26128453342643143 0.290283814988173 0.2997092150043937 0.12237272901115806 0.2907329251693494 0.2888597996981843 0.3071224428525835 0.2901438227196323 0.31987841020966434 0.29791412789261723 0.28835990332698586 0.305735058861641 0.30047941384011984 0.27354627706808443 0.3429746238405891 0.3393325421772961 0.32673801452898 0.28913708108926967 0.31299170935741893 0.12325596175454714 0.2896953140713785 0.3118334905399668 0.289959808402661 0.2856534073374639 0.31047517924514323 0.33064190895798046 0.0 0.30600507070714444 0.3002923064230139 0.2611201622698274 0.3139409334317547 0.29351442112070997 
G900129665.fna 0.30349624362564676 0.29189851231230995 0.310412087613035 0.30673881072655196 0.3052670769720134 0.2876422777879472 0.2551919181046565 0.2978115924890354 0.3145996459871431 0.3182784557201327 0.30764311352050205 0.30629283709481436 0.3004480841861124 0.3012959466350805 0.303004741180406 0.24884309295897222 0.30548174933501515 0.28144571953633035 0.3008048464790444 0.2899256365523745 0.28621521267982886 0.24125516752640408 0.29137901904658003 0.3579696800891061 0.3530364359487808 0.3422270195058589 0.2990858235013556 0.2517813784001094 0.30465224238914995 0.2997494892715809 0.31282464825936934 0.29874053645805454 0.3008374730209019 0.2604482103823841 0.30696782850325927 0.30600507070714444 0.0 0.2976850638785527 0.3299915868049079 0.26394526375057126 0.3054461454288965 
G900141855.fna 0.30673643290048197 0.28799368052842667 0.32022095044530463 0.30944640693139874 0.304015544742698 0.303752879478804 0.2950456945402639 0.3070484306568017 0.3172585468949542 0.320610661531719 0.3024986626825146 0.301019967547149 0.29851840235021737 0.29169434857556925 0.2638323230072466 0.29244238529748445 0.3013418511827085 0.29633724676403594 0.2078252825613784 0.1671367993581933 0.2982560120900495 0.3001615115870261 0.29963766665595265 0.3857100498842436 0.3723690232812136 0.3558891049620192 0.291587195979813 0.30156100622368875 0.301710594340886 0.2850105173397373 0.28430286127333404 0.2912973359962472 0.2857262517147596 0.29508592801308353 0.3187623806880304 0.3002923064230139 0.2976850638785527 0.0 0.3247389447094963 0.2989843127160551 0.3008747857342029 
G900141935.fna 0.35765807564355107 0.3111023089268181 0.32512894422089567 0.3005701742212217 0.29832628405544304 0.3221856809802702 0.33018967043432235 0.3243572522948553 0.2283536463619453 0.24291764796287763 0.2999252295856761 0.3172650295347873 0.25176341851936546 0.3098626105254223 0.3112004899032408 0.3276628300190616 0.27397879719941975 0.33940329008218234 0.3099545442448212 0.3068402755914795 0.326547950957011 0.32216071997124246 0.28596741176870194 0.33350265910938504 0.3298956235242953 0.31332198658044463 0.30804527711120655 0.328274720509297 0.25456760821503216 0.30594825669689685 0.3329930829839237 0.3076310991889696 0.308114123813297 0.33512096207634884 0.352527449801744 0.2611201622698274 0.3299915868049079 0.3247389447094963 0.0 0.3355216573343924 0.294220737477357 
G900142405.fna 0.3074653483739262 0.31239302194039387 0.3295367895264739 0.3208658439306273 0.31955335024842124 0.3000163834584579 0.21417709135697305 0.3148496854641885 0.3280235805751149 0.3283305983343483 0.3217416271327701 0.3193200792647406 0.3085469167553966 0.3153651928835882 0.3165897095752013 0.16062529644297796 0.3099748291707271 0.2835501367984914 0.3078169861750907 0.3030214753238031 0.29827269805512696 0.27177513861054986 0.30139980790714743 0.38289411114508226 0.3771673692627567 0.35937728815386666 0.3130858130020939 0.1549409841054536 0.3119536347636909 0.31487664658697656 0.3173981035008964 0.31469922495337377 0.31294737543847206 0.01152229708104527 0.3156585246268615 0.3139409334317547 0.26394526375057126 0.2989843127160551 0.3355216573343924 0.0 0.31756781503479653 
G900155985.fna 0.32499221709078263 0.27705641169107426 0.3020803271692304 0.26750644345180025 0.2717393424073512 0.29247880195626696 0.3030881725121541 0.30533297420349426 0.29571028430018126 0.23446267819136696 0.2738867264802866 0.2681242886511413 0.2876209635642751 0.14894418533022527 0.2734111115555131 0.3047810829041691 0.24944414772105783 0.3072334480028094 0.28570980596372564 0.2607982777036245 0.2947860415659024 0.2928540378954907 0.2842283092312269 0.34068167348456285 0.339089325196927 0.32368944873882066 0.1846303748577 0.30841030295473726 0.29094151736039864 0.18352922754092338 0.30523239104318156 0.1851848189247472 0.1829239257708335 0.3131915426473135 0.3312494550387207 0.29351442112070997 0.3054461454288965 0.3008747857342029 0.294220737477357 0.31756781503479653 0.0 
