41
G000024125.fna 0.0 0.30967172089237066 0.32009640923717647 0.32519530535416413 0.32223928498735466 0.3147669507802374 0.3073682927904582 0.305699960204846 0.33351709352152636 0.3364100585088915 0.32395365929763226 0.32367992780612515 0.3202484403427216 0.32140013043728743 0.32144663882180957 0.30518497852898585 0.31799002531410225 0.29876307102252275 0.31651747003206476 0.3118928456649488 0.31662295495526044 0.31156471809904984 0.31054272803422717 0.3950744466081231 0.3761898825840204 0.36749987849898075 0.3193055823497548 0.3126387225298012 0.3224641184909972 0.31882484325247024 0.31964371608477454 0.31999604241674373 0.3199743313290802 0.3042587667778075 0.27138828895049844 0.3299243036419823 0.30404354086365476 0.307154651099888 0.3580829285781555 0.3082837699560018 0.3260190719280964 
G000153165.fna 0.30967172089237066 0.0 0.3063915341827658 0.2915945539301992 0.28876388774259343 0.30234425889203953 0.29823104045495613 0.2958212586382812 0.30314610935315317 0.3065651729508472 0.2907382079257022 0.2811265592951481 0.28849509333092477 0.276812995773479 0.28510461493616224 0.3018002521821167 0.2873104587329282 0.3081116347910585 0.2872102616574165 0.2747030979379217 0.29785436380590036 0.28769173816414917 0.28567151883139186 0.3499633753253277 0.3416626138676869 0.32811468863650173 0.27640048899809405 0.3087992683242519 0.29165288078270113 0.27654624506178227 0.3058597560769389 0.27705007784528435 0.2770638996836251 0.30984805337934346 0.3183111675374744 0.2929428619023675 0.29624489800446724 0.29061528718215224 0.31021942037177624 0.3150036069097698 0.2822150489626522 
G000173115.fna 0.32009640923717647 0.3063915341827658 0.0 0.2932873695130329 0.28538183672504713 0.31370742959582654 0.31736692594714594 0.3128895547301712 0.3159071236666414 0.32155729278112055 0.2937161855418092 0.3062563404027686 0.30345467086871064 0.3007894187466288 0.3113765768337359 0.3209128206837242 0.2901863399453302 0.3217184877933139 0.31486621645690993 0.3017281776331548 0.31648543244430266 0.30749484848035596 0.2918562287028239 0.03199622414804312 0.035422895614432875 0.03410173870976553 0.30080190664195083 0.33191667918380885 0.3059588253797121 0.2999039297146715 0.32766163051974817 0.3008878121284723 0.3014116360523323 0.32429877987900063 0.3269226092843059 0.31156725625477144 0.3157149012637624 0.3222635179005875 0.32350946764549926 0.3318774126419227 0.3071015031773049 
G000186265.fna 0.32519530535416413 0.2915945539301992 0.2932873695130329 0.0 0.25178570166433256 0.30129483024200954 0.3093403416446998 0.3028819667692933 0.2925068756873855 0.2934530054724458 0.13588101223957788 0.28229841370347825 0.28549695130368596 0.26542441342317646 0.28233404043964766 0.3136342456106303 0.23785995175896069 0.32283357969801457 0.2914610160607093 0.28750310268555285 0.30480202531721606 0.2985165204346897 0.2753902375351941 0.3306205951354183 0.32552931341045177 0.313191285891167 0.27229457330537044 0.3251287868657015 0.28744105721915286 0.2732108822928377 0.3165631283098816 0.27386973152626143 0.27193645578726355 0.31763400912751094 0.3328062156449163 0.29148489874893024 0.31268571772592 0.3102907510188399 0.2954761694897129 0.3221408098775649 0.2682875179497818 
G000190595.fna 0.32223928498735466 0.28876388774259343 0.28538183672504713 0.25178570166433256 0.0 0.2890773968607247 0.30594153195637 0.29776092073215504 0.2876106961098931 0.2949180961687875 0.2514671301654839 0.28427954275300205 0.2844022437451802 0.26238913824637133 0.28192767019022785 0.3105684445295222 0.26278251814983106 0.31919099912263327 0.2965284838988247 0.281591418015229 0.30089737183553183 0.29616583376479844 0.2770497918406846 0.3131456791767817 0.31162153803579534 0.30243965981800663 0.27134382167551885 0.31803458582857713 0.2869541290067076 0.27081362368715645 0.31668307958693254 0.2644370570094782 0.26269942134822766 0.3151709360263113 0.32916385305124196 0.2874763318940267 0.311806632067973 0.3048628468067121 0.2918035266758738 0.31977099244199503 0.27067103837754264 
G000220585.fna 0.3147669507802374 0.30234425889203953 0.31370742959582654 0.30129483024200954 0.2890773968607247 0.0 0.28852412510239617 0.30883380684336986 0.3142879403299525 0.3183415567991003 0.3015704521981173 0.307286082719417 0.30731021489973454 0.2949485214887657 0.3037989153061035 0.2923436969280203 0.298864513181762 0.296811176907014 0.3068001707861001 0.294815826459554 0.2899405855302171 0.28782184059427746 0.29796939121515026 0.3478496837988274 0.3450856343749306 0.33345412934028373 0.2940966023749983 0.30100803619535976 0.309586631430318 0.2947428455306652 0.32386879706842886 0.2947917001184107 0.29513291505740386 0.29809829449122793 0.32437232732664484 0.313088945448337 0.29242786581917724 0.3060539914455793 0.3196166646138329 0.3029248015431292 0.2951546036224473 
G000224085.fna 0.3073682927904582 0.29823104045495613 0.31736692594714594 0.3093403416446998 0.30594153195637 0.28852412510239617 0.0 0.30541222882387575 0.3175418754466418 0.3177167198205506 0.3107060908910486 0.3066307077733897 0.30099776254644117 0.3022035176773209 0.30286189610975073 0.22279659589298761 0.3034843041587788 0.28407309801231695 0.2991619611027861 0.28997795845372293 0.2885934165477811 0.2639809581500226 0.29575339589003025 0.360112770338194 0.35610074705931066 0.34167006612833745 0.2992021502319931 0.18846890422470997 0.30463626925541565 0.2998126694206293 0.3100682127525365 0.29983601515810154 0.29970565711490044 0.21451002259138538 0.31273290515504726 0.3093923699035306 0.25794584882384075 0.29703877240931 0.3287340588769785 0.21613930794118175 0.30609984908729504 
G000382125.fna 0.305699960204846 0.2958212586382812 0.3128895547301712 0.3028819667692933 0.29776092073215504 0.30883380684336986 0.30541222882387575 0.0 0.3056005586368139 0.31473764529784615 0.3056380229966621 0.30365678394916346 0.2992031059771492 0.30056013274716054 0.3068227147326144 0.30698037248053256 0.29822154054815875 0.3111707131832281 0.30782853879114613 0.30049607542217327 0.31053777310928843 0.30134518468912846 0.29652641106402905 0.3557993611263372 0.3494185915575768 0.30834946528598556 0.302926009134588 0.3135941664357248 0.30073200095862435 0.30092290214739015 0.31769808721259113 0.30192685333170827 0.30196788983452133 0.3119301700145286 0.3119690485521708 0.303469966208452 0.3024902686370269 0.3084058421689638 0.32066264034401515 0.3166071717927212 0.3061611805462493 
G000424985.fna 0.33351709352152636 0.30314610935315317 0.3159071236666414 0.2925068756873855 0.2876106961098931 0.3142879403299525 0.3175418754466418 0.3056005586368139 0.0 0.13033982132684038 0.2946700484590391 0.3070214127672486 0.257384959914183 0.30004646004603397 0.3059285485935721 0.32108208854741227 0.2786201860632925 0.3315334029017211 0.30956931826436695 0.3003749747422002 0.3169626147525885 0.30961093351425834 0.28807705572326986 0.33941192112044716 0.3348595205228989 0.3179573372308742 0.29815238080958456 0.3239092320313743 0.2595484042824643 0.29829738904239406 0.3242941127987572 0.29816237904776405 0.2991856578769671 0.32608601422174127 0.33593648054501535 0.26652540013170717 0.3188813987532514 0.3180022255507569 0.23128383020918808 0.3293274917635422 0.29471344335604627 
G000429545.fna 0.3364100585088915 0.3065651729508472 0.32155729278112055 0.2934530054724458 0.2949180961687875 0.3183415567991003 0.3177167198205506 0.31473764529784615 0.13033982132684038 0.0 0.2989040455645141 0.30821409243934395 0.2546060989559352 0.3028162964977237 0.306936563418781 0.31913501693282886 0.2562933366527276 0.3256944014787493 0.3067110323914148 0.30237144843277064 0.3224091646016408 0.3114802367680158 0.2876881615096285 0.3486729628819023 0.34549990984313306 0.32559674052807086 0.3017368801089467 0.32720873085200813 0.25595477046663223 0.30057110882266747 0.32407134729158393 0.30149170883592824 0.2996898144849942 0.32588030638651516 0.33828924664863763 0.26199764055093094 0.32172598174888656 0.3213395347952273 0.24450501699529142 0.32924047584983585 0.24024298034467884 
G000468615.fna 0.32395365929763226 0.2907382079257022 0.2937161855418092 0.13588101223957788 0.2514671301654839 0.3015704521981173 0.3107060908910486 0.3056380229966621 0.2946700484590391 0.2989040455645141 0.0 0.2862935518382594 0.28805848962269887 0.2658015571778205 0.27882915107140627 0.31375216073710227 0.23813364661453412 0.3209592021726215 0.29701533404997266 0.28865794611957785 0.3062177276079614 0.3004804137027441 0.27818652491576434 0.32775097224333744 0.3250906424900397 0.31324842497983896 0.272930830111635 0.32530353452292127 0.2895618547255546 0.27280699365598626 0.3193278362461265 0.27270598912387123 0.2710684227593269 0.3193073532774416 0.3330687843713547 0.2898623862377192 0.3135266058961964 0.3040031333503376 0.2962035975626368 0.32359606976215666 0.27459966036788436 
G000621125.fna 0.32367992780612515 0.2811265592951481 0.3062563404027686 0.28229841370347825 0.28427954275300205 0.307286082719417 0.3066307077733897 0.30365678394916346 0.3070214127672486 0.30821409243934395 0.2862935518382594 0.0 0.293149795039887 0.26797189970112295 0.2875013162260811 0.3098567069058301 0.2801412372478566 0.31873464074703894 0.2935058301664118 0.2717956781163835 0.3012487436933003 0.2991695800413802 0.2892976252718936 0.34932101935803755 0.3424223502999353 0.3193121573293405 0.26895036773659736 0.32027206409492837 0.29577166493954243 0.26874718042787427 0.2995928704263511 0.26911075845386623 0.26889060743289883 0.3158920335372414 0.330276477008356 0.29887356915599944 0.31088866027939244 0.30234926460881295 0.3133800374206064 0.32055440101823407 0.2702469390539396 
G000733925.fna 0.3202484403427216 0.28849509333092477 0.30345467086871064 0.28549695130368596 0.2844022437451802 0.30731021489973454 0.30099776254644117 0.2992031059771492 0.257384959914183 0.2546060989559352 0.28805848962269887 0.293149795039887 0.0 0.2889337335678308 0.2919090488744689 0.30371327810309545 0.2788049830191969 0.31510562991135416 0.2914028187271416 0.2859994439032112 0.30521927217778344 0.29698810289440186 0.27015273430623044 0.3413476940666318 0.3381235879557801 0.32494830509218664 0.2880035531734728 0.3082304488192459 0.019011201272008768 0.2866347889779648 0.30017919770681867 0.28801053138584715 0.2870880569938882 0.3044382693453639 0.32411764616569616 0.12282685826749157 0.30340624386494586 0.2996849965569746 0.25231348182742264 0.3090687612485553 0.2883250576760228 
G000744105.fna 0.32140013043728743 0.276812995773479 0.3007894187466288 0.26542441342317646 0.26238913824637133 0.2949485214887657 0.3022035176773209 0.30056013274716054 0.30004646004603397 0.3028162964977237 0.2658015571778205 0.26797189970112295 0.2889337335678308 0.0 0.2652495822930947 0.3063919684080161 0.27828347562327344 0.31686508764346094 0.2809841616201586 0.2581894070850506 0.2984333244109485 0.29280847690555156 0.2855030001824764 0.34257306464782933 0.3365287509875441 0.32197747308873576 0.16659504929354804 0.31339368523464384 0.2900345915580109 0.1629943951491893 0.3088525595062755 0.1681677947509365 0.16232355287790534 0.31326270168185655 0.32751895105335826 0.2915666283256399 0.3070428996039581 0.2935733818562577 0.30586762344927904 0.31783628545624426 0.15044999230197173 
G000744555.fna 0.32144663882180957 0.28510461493616224 0.3113765768337359 0.28233404043964766 0.28192767019022785 0.3037989153061035 0.30286189610975073 0.3068227147326144 0.3059285485935721 0.306936563418781 0.27882915107140627 0.2875013162260811 0.2919090488744689 0.2652495822930947 0.0 0.30829181328765287 0.2901977239770658 0.31909209759153956 0.1952160271467989 0.2754455655044262 0.30388611586307684 0.2997423436716646 0.29227133610699374 0.3540123506145032 0.35035088014545 0.33371791395751327 0.2709904316763971 0.31634366007665365 0.2928165738478411 0.26686163441234534 0.2920245148556904 0.27025118341729987 0.2593611725407175 0.3136985952424681 0.32784527580304573 0.2900492379686141 0.3077313637368682 0.2659672204732451 0.31005978490545916 0.3193429557146934 0.27540842227712364 
G000745185.fna 0.30518497852898585 0.3018002521821167 0.3209128206837242 0.3136342456106303 0.3105684445295222 0.2923436969280203 0.22279659589298761 0.30698037248053256 0.32108208854741227 0.31913501693282886 0.31375216073710227 0.3098567069058301 0.30371327810309545 0.3063919684080161 0.30829181328765287 0.0 0.3063545661385374 0.2809544139354421 0.3015469684926424 0.2944180541129338 0.292610020609057 0.2595632401983148 0.2976717236681996 0.36740592917548964 0.36495432230772606 0.3485957186534991 0.30278204611721604 0.12276460203784498 0.3054740489520531 0.3031901470911106 0.310581808702473 0.30354720052408823 0.30368100917861096 0.16059159714172455 0.31266276979889307 0.3087240009090293 0.2515675876652516 0.2942287530429907 0.32812851680520316 0.16181108821794127 0.30827262850951664 
G000799565.fna 0.31799002531410225 0.2873104587329282 0.2901863399453302 0.23785995175896069 0.26278251814983106 0.298864513181762 0.3034843041587788 0.29822154054815875 0.2786201860632925 0.2562933366527276 0.23813364661453412 0.2801412372478566 0.2788049830191969 0.27828347562327344 0.2901977239770658 0.3063545661385374 0.0 0.3091964863894939 0.2965033438500655 0.28405193396184314 0.2946767879032108 0.29728411759795115 0.272146977531204 0.32564020136527294 0.3237543880858654 0.31035871146631155 0.2801377881473266 0.3088106613684618 0.27637102628189836 0.2797415467395786 0.3078021199196731 0.28224848825941296 0.2798334957883323 0.30830635905023335 0.32616259952723986 0.2897815897083586 0.3105645107753102 0.30251416507447826 0.2750781742534821 0.3120652094484964 0.2535943100401633 
G000963865.fna 0.29876307102252275 0.3081116347910585 0.3217184877933139 0.32283357969801457 0.31919099912263327 0.296811176907014 0.28407309801231695 0.3111707131832281 0.3315334029017211 0.3256944014787493 0.3209592021726215 0.31873464074703894 0.31510562991135416 0.31686508764346094 0.31909209759153956 0.2809544139354421 0.3091964863894939 0.0 0.3086171794326791 0.3038921531320585 0.2956142621734563 0.29511408151448304 0.30569170067259 0.37367606510338813 0.37197117694214044 0.35616904542744554 0.3125988810176482 0.2700675371493301 0.316631132460558 0.3130677788600922 0.31255321747355397 0.31439352084647687 0.3122215316595151 0.2826721970701283 0.3031801201013492 0.32202817897920005 0.2840809218518255 0.29803094625651444 0.34052183065762026 0.28585714450837574 0.3116603100156065 
G000973105.fna 0.31651747003206476 0.2872102616574165 0.31486621645690993 0.2914610160607093 0.2965284838988247 0.3068001707861001 0.2991619611027861 0.30782853879114613 0.30956931826436695 0.3067110323914148 0.29701533404997266 0.2935058301664118 0.2914028187271416 0.2809841616201586 0.1952160271467989 0.3015469684926424 0.2965033438500655 0.3086171794326791 0.0 0.26629921622064956 0.3013327836739387 0.3002897365174074 0.2938677985914699 0.36640763700132684 0.35640639983654754 0.31814605755941233 0.28526861311455376 0.3074025108561229 0.29385705615668056 0.28376686616509966 0.28655995258646044 0.28499027704972496 0.2836496618693698 0.3056552635267007 0.3232994584999704 0.29869152491497597 0.3036010525740034 0.20935259520367516 0.3090653995359588 0.3097639124396297 0.2875994799939907 
G001020565.fna 0.3118928456649488 0.2747030979379217 0.3017281776331548 0.28750310268555285 0.281591418015229 0.294815826459554 0.28997795845372293 0.30049607542217327 0.3003749747422002 0.30237144843277064 0.28865794611957785 0.2717956781163835 0.2859994439032112 0.2581894070850506 0.2754455655044262 0.2944180541129338 0.28405193396184314 0.3038921531320585 0.26629921622064956 0.0 0.29272874332537624 0.2861738935585749 0.2845074019579457 0.34712066114205753 0.340482048244262 0.32561228544669885 0.24879262682357572 0.30398765215991164 0.28853678641710445 0.2526339054289519 0.3029821229038522 0.24894454166148539 0.251564898565335 0.3016078449121237 0.3152854116696988 0.28929755121572787 0.29389114356922647 0.16870782550940955 0.30572935283469677 0.3054365885865687 0.26377171993621396 
G001306415.fna 0.31662295495526044 0.29785436380590036 0.31648543244430266 0.30480202531721606 0.30089737183553183 0.2899405855302171 0.2885934165477811 0.31053777310928843 0.3169626147525885 0.3224091646016408 0.3062177276079614 0.3012487436933003 0.30521927217778344 0.2984333244109485 0.30388611586307684 0.292610020609057 0.2946767879032108 0.2956142621734563 0.3013327836739387 0.29272874332537624 0.0 0.2845922261832338 0.2969291646679649 0.3631708166001604 0.3578825514312831 0.3413312580665097 0.2975126877992723 0.2945649699940779 0.3075969728052409 0.2409937056244379 0.3163398628717037 0.29955622944143523 0.23836701182547684 0.29580382113842957 0.3218800629049916 0.307699479793007 0.28932143195650795 0.29978395711657574 0.32729707830344157 0.300469728005604 0.2993240247063025 
G001413955.fna 0.31156471809904984 0.28769173816414917 0.30749484848035596 0.2985165204346897 0.29616583376479844 0.28782184059427746 0.2639809581500226 0.30134518468912846 0.30961093351425834 0.3114802367680158 0.3004804137027441 0.2991695800413802 0.29698810289440186 0.29280847690555156 0.2997423436716646 0.2595632401983148 0.29728411759795115 0.29511408151448304 0.3002897365174074 0.2861738935585749 0.2845922261832338 0.0 0.2926916102645348 0.34644537492025274 0.3451279382481932 0.32998346384852045 0.29214812146859204 0.2610041951198965 0.2992231733216179 0.2911002357578585 0.31695603502740155 0.290773997201796 0.2909884553461005 0.27253501025525273 0.31791441258261294 0.3021982312185152 0.24450771355581125 0.3023875665953929 0.3207063938394592 0.2746798268357171 0.29697420140692904 
G001430825.fna 0.31054272803422717 0.28567151883139186 0.2918562287028239 0.2753902375351941 0.2770497918406846 0.29796939121515026 0.29575339589003025 0.29652641106402905 0.28807705572326986 0.2876881615096285 0.27818652491576434 0.2892976252718936 0.27015273430623044 0.2855030001824764 0.29227133610699374 0.2976717236681996 0.272146977531204 0.30569170067259 0.2938677985914699 0.2845074019579457 0.2969291646679649 0.2926916102645348 0.0 0.32638301672778036 0.3237675067228113 0.3101168132095578 0.28190330588775603 0.3033391960834499 0.2716278677706832 0.28318448330291107 0.30957131404054505 0.28274820269048495 0.28393820804070335 0.30047566212192844 0.3158252092566933 0.27468603789028945 0.29527627318478217 0.30099755500611813 0.28579871466126094 0.30377234096652217 0.286318207933926 
G001438225.fna 0.3950744466081231 0.3499633753253277 0.03199622414804312 0.3306205951354183 0.3131456791767817 0.3478496837988274 0.360112770338194 0.3557993611263372 0.33941192112044716 0.3486729628819023 0.32775097224333744 0.34932101935803755 0.3413476940666318 0.34257306464782933 0.3540123506145032 0.36740592917548964 0.32564020136527294 0.37367606510338813 0.36640763700132684 0.34712066114205753 0.3631708166001604 0.34644537492025274 0.32638301672778036 0.0 0.02417709755348118 0.022250247161885263 0.34086406773828654 0.37102741827885743 0.3443473512854488 0.3404552213348688 0.3904221960387918 0.34134724091562957 0.34360521497577745 0.3835488204069427 0.38803065104689516 0.3427670569997027 0.361246451346147 0.387113554629052 0.3330215533350045 0.38444351368899954 0.34270709447408465 
G001438245.fna 0.3761898825840204 0.3416626138676869 0.035422895614432875 0.32552931341045177 0.31162153803579534 0.3450856343749306 0.35610074705931066 0.3494185915575768 0.3348595205228989 0.34549990984313306 0.3250906424900397 0.3424223502999353 0.3381235879557801 0.3365287509875441 0.35035088014545 0.36495432230772606 0.3237543880858654 0.37197117694214044 0.35640639983654754 0.340482048244262 0.3578825514312831 0.3451279382481932 0.3237675067228113 0.02417709755348118 0.0 0.0245929532109695 0.3378779364961298 0.36439910806738673 0.3407328940421524 0.3373150919045176 0.37784794425376617 0.3376933567104644 0.34105326247486706 0.37693529944935356 0.37174388344155374 0.3393670903883777 0.3570624270997198 0.37391066050626065 0.3295125568701372 0.37885468360515506 0.339742828106393 
G001439215.fna 0.36749987849898075 0.32811468863650173 0.03410173870976553 0.313191285891167 0.30243965981800663 0.33345412934028373 0.34167006612833745 0.30834946528598556 0.3179573372308742 0.32559674052807086 0.31324842497983896 0.3193121573293405 0.32494830509218664 0.32197747308873576 0.33371791395751327 0.3485957186534991 0.31035871146631155 0.35616904542744554 0.31814605755941233 0.32561228544669885 0.3413312580665097 0.32998346384852045 0.3101168132095578 0.022250247161885263 0.0245929532109695 0.0 0.3222338248077895 0.34879653648261333 0.32601469049303133 0.32180710809596424 0.3586500157312807 0.3219822603322797 0.32484677760822334 0.35943517891378396 0.3667331098603494 0.32478198393550595 0.3447748603536531 0.355711403027543 0.3118072047653573 0.3592746631223788 0.322204522552558 
G001447995.fna 0.3193055823497548 0.27640048899809405 0.30080190664195083 0.27229457330537044 0.27134382167551885 0.2940966023749983 0.2992021502319931 0.302926009134588 0.29815238080958456 0.3017368801089467 0.272930830111635 0.26895036773659736 0.2880035531734728 0.16659504929354804 0.2709904316763971 0.30278204611721604 0.2801377881473266 0.3125988810176482 0.28526861311455376 0.24879262682357572 0.2975126877992723 0.29214812146859204 0.28190330588775603 0.34086406773828654 0.3378779364961298 0.3222338248077895 0.0 0.31241478795470573 0.29034525040285825 0.03867173436054518 0.30889773241288787 0.034637540865306723 0.037529880450169424 0.31174635881587043 0.32456079934234244 0.29023428135526586 0.3046085056320017 0.2937125931482497 0.3051102520246343 0.31537729885404636 0.18673225292127876 
G001683915.fna 0.3126387225298012 0.3087992683242519 0.33191667918380885 0.3251287868657015 0.31803458582857713 0.30100803619535976 0.18846890422470997 0.3135941664357248 0.3239092320313743 0.32720873085200813 0.32530353452292127 0.32027206409492837 0.3082304488192459 0.31339368523464384 0.31634366007665365 0.12276460203784498 0.3088106613684618 0.2700675371493301 0.3074025108561229 0.30398765215991164 0.2945649699940779 0.2610041951198965 0.3033391960834499 0.37102741827885743 0.36439910806738673 0.34879653648261333 0.31241478795470573 0.0 0.30833485778686937 0.31320973953066433 0.3154042191549481 0.31405712066043545 0.3109446434048272 0.1554309955179668 0.31852577638348306 0.3141457967281227 0.25427752232363454 0.3035291818057423 0.32842132089370973 0.15591427037400424 0.31122548521784016 
G001748465.fna 0.3224641184909972 0.29165288078270113 0.3059588253797121 0.28744105721915286 0.2869541290067076 0.309586631430318 0.30463626925541565 0.30073200095862435 0.2595484042824643 0.25595477046663223 0.2895618547255546 0.29577166493954243 0.019011201272008768 0.2900345915580109 0.2928165738478411 0.3054740489520531 0.27637102628189836 0.316631132460558 0.29385705615668056 0.28853678641710445 0.3075969728052409 0.2992231733216179 0.2716278677706832 0.3443473512854488 0.3407328940421524 0.32601469049303133 0.29034525040285825 0.30833485778686937 0.0 0.2890702328816792 0.3025061981759475 0.2905351576980879 0.28858338045964926 0.30843183009116915 0.3278604264653048 0.12370839380440726 0.307428822478556 0.30271643546552957 0.2549800869511164 0.31260024970964545 0.2911533234217585 
G001865655.fna 0.31882484325247024 0.27654624506178227 0.2999039297146715 0.2732108822928377 0.27081362368715645 0.2947428455306652 0.2998126694206293 0.30092290214739015 0.29829738904239406 0.30057110882266747 0.27280699365598626 0.26874718042787427 0.2866347889779648 0.1629943951491893 0.26686163441234534 0.3031901470911106 0.2797415467395786 0.3130677788600922 0.28376686616509966 0.2526339054289519 0.2409937056244379 0.2911002357578585 0.28318448330291107 0.3404552213348688 0.3373150919045176 0.32180710809596424 0.03867173436054518 0.31320973953066433 0.2890702328816792 0.0 0.3086116496112866 0.03783953468120742 0.03499883475398706 0.31274895532605457 0.32544220590826545 0.29056914572916176 0.30466585375384836 0.28702267906592754 0.3028319798824095 0.3171814995169307 0.18550871670316094 
G900101815.fna 0.31964371608477454 0.3058597560769389 0.32766163051974817 0.3165631283098816 0.31668307958693254 0.32386879706842886 0.3100682127525365 0.31769808721259113 0.3242941127987572 0.32407134729158393 0.3193278362461265 0.2995928704263511 0.30017919770681867 0.3088525595062755 0.2920245148556904 0.310581808702473 0.3078021199196731 0.31255321747355397 0.28655995258646044 0.3029821229038522 0.3163398628717037 0.31695603502740155 0.30957131404054505 0.3904221960387918 0.37784794425376617 0.3586500157312807 0.30889773241288787 0.3154042191549481 0.3025061981759475 0.3086116496112866 0.0 0.3089528712863087 0.3085907116354779 0.3142130992626474 0.32838548523698746 0.3137294631465589 0.31657745823649525 0.2863391271541687 0.33295907116107076 0.31974526963306615 0.30755470860990924 
G900105105.fna 0.31999604241674373 0.27705007784528435 0.3008878121284723 0.27386973152626143 0.2644370570094782 0.2947917001184107 0.29983601515810154 0.30192685333170827 0.29816237904776405 0.30149170883592824 0.27270598912387123 0.26911075845386623 0.28801053138584715 0.1681677947509365 0.27025118341729987 0.30354720052408823 0.28224848825941296 0.31439352084647687 0.28499027704972496 0.24894454166148539 0.29955622944143523 0.290773997201796 0.28274820269048495 0.34134724091562957 0.3376933567104644 0.3219822603322797 0.034637540865306723 0.31405712066043545 0.2905351576980879 0.03783953468120742 0.3089528712863087 0.0 0.03735283564024745 0.31316969125287825 0.325501916749693 0.29114431019852055 0.3039860906360364 0.2933361039901151 0.30493402674813336 0.3171150684530737 0.18718875434529253 
G900105545.fna 0.3199743313290802 0.2770638996836251 0.3014116360523323 0.27193645578726355 0.26269942134822766 0.29513291505740386 0.29970565711490044 0.30196788983452133 0.2991856578769671 0.2996898144849942 0.2710684227593269 0.26889060743289883 0.2870880569938882 0.16232355287790534 0.2593611725407175 0.30368100917861096 0.2798334957883323 0.3122215316595151 0.2836496618693698 0.251564898565335 0.23836701182547684 0.2909884553461005 0.28393820804070335 0.34360521497577745 0.34105326247486706 0.32484677760822334 0.037529880450169424 0.3109446434048272 0.28858338045964926 0.03499883475398706 0.3085907116354779 0.03735283564024745 0.0 0.3117295605579233 0.32614113835782504 0.2870388431940143 0.3057657820913643 0.2877287132964952 0.3046010958237914 0.3154159508309969 0.18491160119103162 
G900112295.fna 0.3042587667778075 0.30984805337934346 0.32429877987900063 0.31763400912751094 0.3151709360263113 0.29809829449122793 0.21451002259138538 0.3119301700145286 0.32608601422174127 0.32588030638651516 0.3193073532774416 0.3158920335372414 0.3044382693453639 0.31326270168185655 0.3136985952424681 0.16059159714172455 0.30830635905023335 0.2826721970701283 0.3056552635267007 0.3016078449121237 0.29580382113842957 0.27253501025525273 0.30047566212192844 0.3835488204069427 0.37693529944935356 0.35943517891378396 0.31174635881587043 0.1554309955179668 0.30843183009116915 0.31274895532605457 0.3142130992626474 0.31316969125287825 0.3117295605579233 0.0 0.3135338987603612 0.31102988614251414 0.26245392192927286 0.2965187184486967 0.33514419835088405 0.011549722573752112 0.3153057130913911 
G900115205.fna 0.27138828895049844 0.3183111675374744 0.3269226092843059 0.3328062156449163 0.32916385305124196 0.32437232732664484 0.31273290515504726 0.3119690485521708 0.33593648054501535 0.33828924664863763 0.3330687843713547 0.330276477008356 0.32411764616569616 0.32751895105335826 0.32784527580304573 0.31266276979889307 0.32616259952723986 0.3031801201013492 0.3232994584999704 0.3152854116696988 0.3218800629049916 0.31791441258261294 0.3158252092566933 0.38803065104689516 0.37174388344155374 0.3667331098603494 0.32456079934234244 0.31852577638348306 0.3278604264653048 0.32544220590826545 0.32838548523698746 0.325501916749693 0.32614113835782504 0.3135338987603612 0.0 0.33220778577744164 0.3085564294836137 0.319518160739686 0.3542293004900946 0.31681695504434143 0.3346793492800432 
G900129275.fna 0.3299243036419823 0.2929428619023675 0.31156725625477144 0.29148489874893024 0.2874763318940267 0.313088945448337 0.3093923699035306 0.303469966208452 0.26652540013170717 0.26199764055093094 0.2898623862377192 0.29887356915599944 0.12282685826749157 0.2915666283256399 0.2900492379686141 0.3087240009090293 0.2897815897083586 0.32202817897920005 0.29869152491497597 0.28929755121572787 0.307699479793007 0.3021982312185152 0.27468603789028945 0.3427670569997027 0.3393670903883777 0.32478198393550595 0.29023428135526586 0.3141457967281227 0.12370839380440726 0.29056914572916176 0.3137294631465589 0.29114431019852055 0.2870388431940143 0.31102988614251414 0.33220778577744164 0.0 0.3085860564061632 0.3011558651777042 0.2606620017484643 0.3143198490642365 0.29349418249881276 
G900129665.fna 0.30404354086365476 0.29624489800446724 0.3157149012637624 0.31268571772592 0.311806632067973 0.29242786581917724 0.25794584882384075 0.3024902686370269 0.3188813987532514 0.32172598174888656 0.3135266058961964 0.31088866027939244 0.30340624386494586 0.3070428996039581 0.3077313637368682 0.2515675876652516 0.3105645107753102 0.2840809218518255 0.3036010525740034 0.29389114356922647 0.28932143195650795 0.24450771355581125 0.29527627318478217 0.361246451346147 0.3570624270997198 0.3447748603536531 0.3046085056320017 0.25427752232363454 0.307428822478556 0.30466585375384836 0.31657745823649525 0.3039860906360364 0.3057657820913643 0.26245392192927286 0.3085564294836137 0.3085860564061632 0.0 0.29942931730017475 0.33130326281875394 0.26600113240201617 0.3100113889280671 
G900141855.fna 0.307154651099888 0.29061528718215224 0.3222635179005875 0.3102907510188399 0.3048628468067121 0.3060539914455793 0.29703877240931 0.3084058421689638 0.3180022255507569 0.3213395347952273 0.3040031333503376 0.30234926460881295 0.2996849965569746 0.2935733818562577 0.2659672204732451 0.2942287530429907 0.30251416507447826 0.29803094625651444 0.20935259520367516 0.16870782550940955 0.29978395711657574 0.3023875665953929 0.30099755500611813 0.387113554629052 0.37391066050626065 0.355711403027543 0.2937125931482497 0.3035291818057423 0.30271643546552957 0.28702267906592754 0.2863391271541687 0.2933361039901151 0.2877287132964952 0.2965187184486967 0.319518160739686 0.3011558651777042 0.29942931730017475 0.0 0.32415784424206895 0.3005103833592143 0.3021442347328211 
G900141935.fna 0.3580829285781555 0.31021942037177624 0.32350946764549926 0.2954761694897129 0.2918035266758738 0.3196166646138329 0.3287340588769785 0.32066264034401515 0.23128383020918808 0.24450501699529142 0.2962035975626368 0.3133800374206064 0.25231348182742264 0.30586762344927904 0.31005978490545916 0.32812851680520316 0.2750781742534821 0.34052183065762026 0.3090653995359588 0.30572935283469677 0.32729707830344157 0.3207063938394592 0.28579871466126094 0.3330215533350045 0.3295125568701372 0.3118072047653573 0.3051102520246343 0.32842132089370973 0.2549800869511164 0.3028319798824095 0.33295907116107076 0.30493402674813336 0.3046010958237914 0.33514419835088405 0.3542293004900946 0.2606620017484643 0.33130326281875394 0.32415784424206895 0.0 0.33562129059746604 0.29272015334508306 
G900142405.fna 0.3082837699560018 0.3150036069097698 0.3318774126419227 0.3221408098775649 0.31977099244199503 0.3029248015431292 0.21613930794118175 0.3166071717927212 0.3293274917635422 0.32924047584983585 0.32359606976215666 0.32055440101823407 0.3090687612485553 0.31783628545624426 0.3193429557146934 0.16181108821794127 0.3120652094484964 0.28585714450837574 0.3097639124396297 0.3054365885865687 0.300469728005604 0.2746798268357171 0.30377234096652217 0.38444351368899954 0.37885468360515506 0.3592746631223788 0.31537729885404636 0.15591427037400424 0.31260024970964545 0.3171814995169307 0.31974526963306615 0.3171150684530737 0.3154159508309969 0.011549722573752112 0.31681695504434143 0.3143198490642365 0.26600113240201617 0.3005103833592143 0.33562129059746604 0.0 0.3193896755092128 
G900155985.fna 0.3260190719280964 0.2822150489626522 0.3071015031773049 0.2682875179497818 0.27067103837754264 0.2951546036224473 0.30609984908729504 0.3061611805462493 0.29471344335604627 0.24024298034467884 0.27459966036788436 0.2702469390539396 0.2883250576760228 0.15044999230197173 0.27540842227712364 0.30827262850951664 0.2535943100401633 0.3116603100156065 0.2875994799939907 0.26377171993621396 0.2993240247063025 0.29697420140692904 0.286318207933926 0.34270709447408465 0.339742828106393 0.322204522552558 0.18673225292127876 0.31122548521784016 0.2911533234217585 0.18550871670316094 0.30755470860990924 0.18718875434529253 0.18491160119103162 0.3153057130913911 0.3346793492800432 0.29349418249881276 0.3100113889280671 0.3021442347328211 0.29272015334508306 0.3193896755092128 0.0 
