32
G000250675.fna 0.0 0.17069428707517936 0.17545694443933244 0.20000991588998124 0.20554405778314983 0.1791468051495705 0.19912962951140062 0.18987314065629515 0.19353554602065917 0.20237451898566625 0.1762379017902768 0.13526477153038108 0.1613418665692995 0.17826216822297636 0.17109612413310382 0.1958991072681224 0.1870709318626235 0.24781558652749086 0.20025497894797967 0.2089326196193632 0.19476989528901406 0.19366269280055304 0.17406579794239221 0.20015790872550335 0.172958234375005 0.18358529814339244 0.23101359579528785 0.16333361489505177 0.16384910070799893 0.1953873882817636 0.19245802476187487 0.1817599999281998 
G000284035.fna 0.17069428707517936 0.0 0.1636011681345892 0.17826713600290814 0.1845693003453427 0.16487205577411773 0.19367267171725167 0.1781699893861763 0.1836817617856816 0.1806530694842237 0.16984873263972458 0.17066378418786735 0.16432272828290226 0.16618883874809767 0.17622143653222214 0.18165511615517457 0.18128546266572718 0.24005335414484386 0.19556456391586113 0.20283997148411342 0.18232404428024512 0.18812062326228776 0.16267294233463547 0.1811530271216975 0.15854945153794842 0.16073712933888254 0.2239923283512025 0.16622646597951138 0.1659203375504492 0.18178957288290865 0.18332211009878263 0.16998440046858299 
G000308355.fna 0.17545694443933244 0.1636011681345892 0.0 0.2014732191596612 0.2056502325127813 0.16886884055565007 0.19907810889142147 0.1828393769632236 0.18138875070610688 0.20368383569785303 0.17261641754796536 0.1738767055253382 0.17288922709655674 0.13887898882626143 0.1860065414181043 0.1908945429746708 0.1853726446531742 0.23852443114694155 0.19694333051300517 0.2151624488543917 0.1883689896117191 0.1922142864450352 0.013549036916035893 0.1985456136811246 0.16082747294995708 0.14942254424606624 0.22802991557662178 0.17292250871016218 0.17299022988135707 0.18835988905109016 0.1803968638361807 0.12075748959434146 
G000308495.fna 0.20000991588998124 0.17826713600290814 0.2014732191596612 0.0 0.1853160355930461 0.19058745151818607 0.2088932593357558 0.1977562981524857 0.20618431302500073 0.11634406921930904 0.19747632174600305 0.2021988428023907 0.18942262345303432 0.19891847858928355 0.19883541052618778 0.20291450820704138 0.20409705196844297 0.2587995111345121 0.21791221852262965 0.22066818031789742 0.20491712406920395 0.2099513425306048 0.1994669330500255 0.18003030819314247 0.18689428557702548 0.2001315682488963 0.24018886423615676 0.19203312172377193 0.18887122597523998 0.20496292315943193 0.21197898175177785 0.20423875363491736 
G000308515.fna 0.20554405778314983 0.1845693003453427 0.2056502325127813 0.1853160355930461 0.0 0.1986943542903434 0.21587858681113897 0.20883747563365945 0.21662155962019192 0.18717751630620852 0.2025409940673087 0.2086140920462032 0.20293365956158943 0.20497387780243015 0.20868806730772693 0.2064371302219732 0.20866949239854954 0.26240137102192485 0.2202560288433555 0.225680591740398 0.20821823869779243 0.21495642935683373 0.20351898214893668 0.14974437073459587 0.19834296368233195 0.20725764306665762 0.2428930418022022 0.2033162561908794 0.20130856060434754 0.21013962838486366 0.21690970596441836 0.2019674908817704 
G000308595.fna 0.1791468051495705 0.16487205577411773 0.16886884055565007 0.19058745151818607 0.1986943542903434 0.0 0.19808281729642768 0.1848797285569937 0.18739275633932767 0.1970458767906707 0.16763205114900398 0.176001962883774 0.1712869847108818 0.16686087890642815 0.18572582173672145 0.19029888923682853 0.1855721237602683 0.24429809420220958 0.19728714723936924 0.21375956179029107 0.18999682130564774 0.19276745497017767 0.16724921775337537 0.19453221724088487 0.14023992625161497 0.17456071736989928 0.2284544449414992 0.17183999321970897 0.17201670378002676 0.18937644373852308 0.18728315290223824 0.17424272846870018 
G000308615.fna 0.19912962951140062 0.19367267171725167 0.19907810889142147 0.2088932593357558 0.21587858681113897 0.19808281729642768 0.0 0.19081641421536238 0.19286085187058 0.21591976196912455 0.19793684107668527 0.1995017529864026 0.19670481297105719 0.19895956451971586 0.1983658358557293 0.18403234024125514 0.17714920747326576 0.262115668694591 0.1913301510365295 0.23334537053613114 0.1801772198389075 0.1828169241998744 0.19750266287095342 0.21125490246639572 0.19585731199101053 0.20428284391663648 0.2437247099406215 0.19887822409999514 0.1985196884474364 0.18240541444416164 0.19460443540193587 0.2035168451107033 
G000308635.fna 0.18987314065629515 0.1781699893861763 0.1828393769632236 0.1977562981524857 0.20883747563365945 0.1848797285569937 0.19081641421536238 0.0 0.16073805684028422 0.20209281387294448 0.1880290821365578 0.18948376294482688 0.18593121994487205 0.18099883893460794 0.1943983454817211 0.18455120400096384 0.178986477522296 0.25037086283246013 0.19522921743721777 0.22423577744501944 0.18455144797596187 0.18789281444500436 0.1814961773609041 0.20586955665562479 0.1802232003773176 0.1918881574397075 0.24025042166057373 0.18731159265680114 0.18839340296147186 0.18647522959503712 0.15938658426134655 0.18805512638713962 
G000308655.fna 0.19353554602065917 0.1836817617856816 0.18138875070610688 0.20618431302500073 0.21662155962019192 0.18739275633932767 0.19286085187058 0.16073805684028422 0.0 0.21163886839787927 0.1922062501138268 0.19164803835385677 0.19062178300721616 0.18026555791422058 0.19526137247701425 0.18831408049851095 0.18233570486807316 0.24689490787799195 0.19542985247243108 0.2295795688940524 0.1881665336196029 0.1921791453342934 0.18001005523294655 0.21256625941943336 0.18553193300401064 0.19791392824106513 0.24466081594289785 0.19149886793239648 0.19239364751844026 0.18756407849977697 0.11569874455899573 0.19200718153129298 
G000308675.fna 0.20237451898566625 0.1806530694842237 0.20368383569785303 0.11634406921930904 0.18717751630620852 0.1970458767906707 0.21591976196912455 0.20209281387294448 0.21163886839787927 0.0 0.19989543765052126 0.20540789872904025 0.19346928961501503 0.20135923567231506 0.2031212479575666 0.20491189165351348 0.20949997286419106 0.25919187497489565 0.2195063589211343 0.21959726893817005 0.20785983507858086 0.2126731065225908 0.20258580397967912 0.1857231429703191 0.19016460156378495 0.20124071268825466 0.2397737618432542 0.19537819019929703 0.1949637590597872 0.207591224069178 0.21313646128405378 0.20566898261822109 
G000308695.fna 0.1762379017902768 0.16984873263972458 0.17261641754796536 0.19747632174600305 0.2025409940673087 0.16763205114900398 0.19793684107668527 0.1880290821365578 0.1922062501138268 0.19989543765052126 0.0 0.17578234046059124 0.17154386787875187 0.17087652713172682 0.18369640298538048 0.1953653604834439 0.18867004357373204 0.25074485625925536 0.20210255847180006 0.21271750568920736 0.19347483550090788 0.19733382590279544 0.17120261454368282 0.19785991467967468 0.16499272472403467 0.11212366564059473 0.23497050190531313 0.17248402648326633 0.1726692143967527 0.19489433140043128 0.19239581890723853 0.17967648013646084 
G000308715.fna 0.13526477153038108 0.17066378418786735 0.1738767055253382 0.2021988428023907 0.2086140920462032 0.176001962883774 0.1995017529864026 0.18948376294482688 0.19164803835385677 0.20540789872904025 0.17578234046059124 0.0 0.15881947013308895 0.17431990188320928 0.17258630314182305 0.19659263844138875 0.18520826210764485 0.251143798632364 0.20060986298624403 0.20962275521576706 0.1976594746788894 0.1926231591504875 0.17210448956535612 0.20449165033222277 0.17028591875922294 0.18341905514259688 0.2360422782196764 0.1617913499399327 0.16248821870149927 0.19550785458917944 0.19015262150757772 0.18063850774504397 
G000308755.fna 0.1613418665692995 0.16432272828290226 0.17288922709655674 0.18942262345303432 0.20293365956158943 0.1712869847108818 0.19670481297105719 0.18593121994487205 0.19062178300721616 0.19346928961501503 0.17154386787875187 0.15881947013308895 0.0 0.1733746375648223 0.17103413304758425 0.18940308121290433 0.18457118012232038 0.24700939723408075 0.19892893907597237 0.182284036118403 0.19351197508994944 0.19058567058069542 0.17147012607487896 0.19460798593952983 0.16249245996579703 0.17844671276139082 0.2290327390337652 0.1193661795676856 0.12113742503282937 0.1903384644633076 0.1914097412882164 0.1805214606297883 
G000308795.fna 0.17826216822297636 0.16618883874809767 0.13887898882626143 0.19891847858928355 0.20497387780243015 0.16686087890642815 0.19895956451971586 0.18099883893460794 0.18026555791422058 0.20135923567231506 0.17087652713172682 0.17431990188320928 0.1733746375648223 0.0 0.18853459665431216 0.18875372137215746 0.18372462077612334 0.2380263212882025 0.1978014831745793 0.21636129998735423 0.18871634400691245 0.1926623289967091 0.13759903709696347 0.19510197975393703 0.16258483247857577 0.17866689869945396 0.23215237628085475 0.17418648254974448 0.1738444843488166 0.18962723733510606 0.18050116591742627 0.15145537492302483 
G000308835.fna 0.17109612413310382 0.17622143653222214 0.1860065414181043 0.19883541052618778 0.20868806730772693 0.18572582173672145 0.1983658358557293 0.1943983454817211 0.19526137247701425 0.2031212479575666 0.18369640298538048 0.17258630314182305 0.17103413304758425 0.18853459665431216 0.0 0.19901927602622882 0.19526045260669045 0.2560411471363412 0.20936468189127283 0.2126968489732643 0.1976082271728578 0.20275414003705194 0.18454262352028844 0.20464833736219923 0.18267682669642576 0.18453958642490945 0.24307160229025715 0.17353008374812992 0.17493855949405768 0.19719086816614442 0.19631336404163635 0.19080291465212285 
G000308855.fna 0.1958991072681224 0.18165511615517457 0.1908945429746708 0.20291450820704138 0.2064371302219732 0.19029888923682853 0.18403234024125514 0.18455120400096384 0.18831408049851095 0.20491189165351348 0.1953653604834439 0.19659263844138875 0.18940308121290433 0.18875372137215746 0.19901927602622882 0.0 0.17247571182013663 0.24859618994533322 0.18997014660631395 0.22483122490079205 0.14004336470154827 0.18077359779324695 0.18924236243570036 0.20346779196635795 0.18572923489295562 0.20125981893878264 0.23466850432479358 0.19177374906870986 0.19064772623015214 0.11931834158074195 0.19029935083503083 0.19615975494832105 
G000308875.fna 0.1870709318626235 0.18128546266572718 0.1853726446531742 0.20409705196844297 0.20866949239854954 0.1855721237602683 0.17714920747326576 0.178986477522296 0.18233570486807316 0.20949997286419106 0.18867004357373204 0.18520826210764485 0.18457118012232038 0.18372462077612334 0.19526045260669045 0.17247571182013663 0.0 0.2511627837828176 0.17874754548955166 0.22760333186656162 0.17252209170283161 0.14332301831689345 0.18350365017058118 0.20414564831522247 0.1805374310879012 0.19641078084108926 0.23704223113810446 0.18699753529039254 0.18751186368465741 0.17193251291975709 0.18268736061540425 0.1922309263298892 
G000380645.fna 0.24781558652749086 0.24005335414484386 0.23852443114694155 0.2587995111345121 0.26240137102192485 0.24429809420220958 0.262115668694591 0.25037086283246013 0.24689490787799195 0.25919187497489565 0.25074485625925536 0.251143798632364 0.24700939723408075 0.2380263212882025 0.2560411471363412 0.24859618994533322 0.2511627837828176 0.0 0.26631225613172266 0.2650311739352942 0.2502742413362332 0.25748522550671465 0.238067966441171 0.2579813765468088 0.2391163906021168 0.2544051648295102 0.24881671176414022 0.24486173621969287 0.2457217750523229 0.2499117169918968 0.24428500193311625 0.24149134261469674 
G000381925.fna 0.20025497894797967 0.19556456391586113 0.19694333051300517 0.21791221852262965 0.2202560288433555 0.19728714723936924 0.1913301510365295 0.19522921743721777 0.19542985247243108 0.2195063589211343 0.20210255847180006 0.20060986298624403 0.19892893907597237 0.1978014831745793 0.20936468189127283 0.18997014660631395 0.17874754548955166 0.26631225613172266 0.0 0.23775342369129565 0.18845582982324596 0.18306151320794714 0.19687700385281437 0.2148269921929763 0.19074061344611787 0.20569806733815527 0.24124583643215647 0.198883041268197 0.1997080095502189 0.18719867186616096 0.1966455739174201 0.20516402654860333 
G000482385.fna 0.2089326196193632 0.20283997148411342 0.2151624488543917 0.22066818031789742 0.225680591740398 0.21375956179029107 0.23334537053613114 0.22423577744501944 0.2295795688940524 0.21959726893817005 0.21271750568920736 0.20962275521576706 0.182284036118403 0.21636129998735423 0.2126968489732643 0.22483122490079205 0.22760333186656162 0.2650311739352942 0.23775342369129565 0.0 0.2280373728286179 0.2282268719921488 0.21451550084154325 0.22503185912987633 0.20380397691474228 0.20987724677824282 0.24488310535414382 0.18417359299084982 0.18366261367838915 0.2259826380333405 0.2283262927275878 0.21721867339249978 
G000523235.fna 0.19476989528901406 0.18232404428024512 0.1883689896117191 0.20491712406920395 0.20821823869779243 0.18999682130564774 0.1801772198389075 0.18455144797596187 0.1881665336196029 0.20785983507858086 0.19347483550090788 0.1976594746788894 0.19351197508994944 0.18871634400691245 0.1976082271728578 0.14004336470154827 0.17252209170283161 0.2502742413362332 0.18845582982324596 0.2280373728286179 0.0 0.18104497718739138 0.18731551173298294 0.20450574763886598 0.18801728630462772 0.19852131291243857 0.2365292755099131 0.1940607881221904 0.19341445148816308 0.1356237937974646 0.18914572949041575 0.19391155687274814 
G000526215.fna 0.19366269280055304 0.18812062326228776 0.1922142864450352 0.2099513425306048 0.21495642935683373 0.19276745497017767 0.1828169241998744 0.18789281444500436 0.1921791453342934 0.2126731065225908 0.19733382590279544 0.1926231591504875 0.19058567058069542 0.1926623289967091 0.20275414003705194 0.18077359779324695 0.14332301831689345 0.25748522550671465 0.18306151320794714 0.2282268719921488 0.18104497718739138 0.0 0.19164881300971348 0.20651162916629973 0.18422826258409736 0.20136387674731315 0.2356903432421567 0.19154981974996693 0.19257494192699232 0.17944058951271322 0.19114667076262837 0.19850853924189588 
G000719275.fna 0.17406579794239221 0.16267294233463547 0.013549036916035893 0.1994669330500255 0.20351898214893668 0.16724921775337537 0.19750266287095342 0.1814961773609041 0.18001005523294655 0.20258580397967912 0.17120261454368282 0.17210448956535612 0.17147012607487896 0.13759903709696347 0.18454262352028844 0.18924236243570036 0.18350365017058118 0.238067966441171 0.19687700385281437 0.21451550084154325 0.18731551173298294 0.19164881300971348 0.0 0.1987540314364037 0.16154352359696353 0.14929558218216113 0.2276814482471762 0.17252422587274052 0.1726853013771628 0.18749507293202938 0.17982907735270628 0.12001834184326227 
G000720425.fna 0.20015790872550335 0.1811530271216975 0.1985456136811246 0.18003030819314247 0.14974437073459587 0.19453221724088487 0.21125490246639572 0.20586955665562479 0.21256625941943336 0.1857231429703191 0.19785991467967468 0.20449165033222277 0.19460798593952983 0.19510197975393703 0.20464833736219923 0.20346779196635795 0.20414564831522247 0.2579813765468088 0.2148269921929763 0.22503185912987633 0.20450574763886598 0.20651162916629973 0.1987540314364037 0.0 0.19000341758729522 0.2020096366515653 0.23764285896227924 0.1955292422612932 0.1914912796849751 0.20334972051699124 0.21219629787798167 0.20418758557278732 
G001182745.fna 0.172958234375005 0.15854945153794842 0.16082747294995708 0.18689428557702548 0.19834296368233195 0.14023992625161497 0.19585731199101053 0.1802232003773176 0.18553193300401064 0.19016460156378495 0.16499272472403467 0.17028591875922294 0.16249245996579703 0.16258483247857577 0.18267682669642576 0.18572923489295562 0.1805374310879012 0.2391163906021168 0.19074061344611787 0.20380397691474228 0.18801728630462772 0.18422826258409736 0.16154352359696353 0.19000341758729522 0.0 0.16886505276076613 0.2218669666385088 0.1610626024796926 0.16170119098484637 0.18506278847494137 0.184106007866929 0.17334260843490484 
G001310275.fna 0.18358529814339244 0.16073712933888254 0.14942254424606624 0.2001315682488963 0.20725764306665762 0.17456071736989928 0.20428284391663648 0.1918881574397075 0.19791392824106513 0.20124071268825466 0.11212366564059473 0.18341905514259688 0.17844671276139082 0.17866689869945396 0.18453958642490945 0.20125981893878264 0.19641078084108926 0.2544051648295102 0.20569806733815527 0.20987724677824282 0.19852131291243857 0.20136387674731315 0.14929558218216113 0.2020096366515653 0.16886505276076613 0.0 0.23572547211314035 0.1743870094548689 0.1768594635249679 0.19815774766576005 0.1968924810116208 0.18915764471210744 
G001552855.fna 0.23101359579528785 0.2239923283512025 0.22802991557662178 0.24018886423615676 0.2428930418022022 0.2284544449414992 0.2437247099406215 0.24025042166057373 0.24466081594289785 0.2397737618432542 0.23497050190531313 0.2360422782196764 0.2290327390337652 0.23215237628085475 0.24307160229025715 0.23466850432479358 0.23704223113810446 0.24881671176414022 0.24124583643215647 0.24488310535414382 0.2365292755099131 0.2356903432421567 0.2276814482471762 0.23764285896227924 0.2218669666385088 0.23572547211314035 0.0 0.22918955379702685 0.22916965237125148 0.23689098459401406 0.24158240444270945 0.23266508171279457 
G001612765.fna 0.16333361489505177 0.16622646597951138 0.17292250871016218 0.19203312172377193 0.2033162561908794 0.17183999321970897 0.19887822409999514 0.18731159265680114 0.19149886793239648 0.19537819019929703 0.17248402648326633 0.1617913499399327 0.1193661795676856 0.17418648254974448 0.17353008374812992 0.19177374906870986 0.18699753529039254 0.24486173621969287 0.198883041268197 0.18417359299084982 0.1940607881221904 0.19154981974996693 0.17252422587274052 0.1955292422612932 0.1610626024796926 0.1743870094548689 0.22918955379702685 0.0 0.09391461937110498 0.19140991614412278 0.19207200445362982 0.18009890440271947 
G001613465.fna 0.16384910070799893 0.1659203375504492 0.17299022988135707 0.18887122597523998 0.20130856060434754 0.17201670378002676 0.1985196884474364 0.18839340296147186 0.19239364751844026 0.1949637590597872 0.1726692143967527 0.16248821870149927 0.12113742503282937 0.1738444843488166 0.17493855949405768 0.19064772623015214 0.18751186368465741 0.2457217750523229 0.1997080095502189 0.18366261367838915 0.19341445148816308 0.19257494192699232 0.1726853013771628 0.1914912796849751 0.16170119098484637 0.1768594635249679 0.22916965237125148 0.09391461937110498 0.0 0.19181954951327515 0.19224212714141364 0.18257150466989033 
G001613505.fna 0.1953873882817636 0.18178957288290865 0.18835988905109016 0.20496292315943193 0.21013962838486366 0.18937644373852308 0.18240541444416164 0.18647522959503712 0.18756407849977697 0.207591224069178 0.19489433140043128 0.19550785458917944 0.1903384644633076 0.18962723733510606 0.19719086816614442 0.11931834158074195 0.17193251291975709 0.2499117169918968 0.18719867186616096 0.2259826380333405 0.1356237937974646 0.17944058951271322 0.18749507293202938 0.20334972051699124 0.18506278847494137 0.19815774766576005 0.23689098459401406 0.19140991614412278 0.19181954951327515 0.0 0.18971503445716087 0.19608761127657964 
G001865855.fna 0.19245802476187487 0.18332211009878263 0.1803968638361807 0.21197898175177785 0.21690970596441836 0.18728315290223824 0.19460443540193587 0.15938658426134655 0.11569874455899573 0.21313646128405378 0.19239581890723853 0.19015262150757772 0.1914097412882164 0.18050116591742627 0.19631336404163635 0.19029935083503083 0.18268736061540425 0.24428500193311625 0.1966455739174201 0.2283262927275878 0.18914572949041575 0.19114667076262837 0.17982907735270628 0.21219629787798167 0.184106007866929 0.1968924810116208 0.24158240444270945 0.19207200445362982 0.19224212714141364 0.18971503445716087 0.0 0.19008871782136183 
G001886715.fna 0.1817599999281998 0.16998440046858299 0.12075748959434146 0.20423875363491736 0.2019674908817704 0.17424272846870018 0.2035168451107033 0.18805512638713962 0.19200718153129298 0.20566898261822109 0.17967648013646084 0.18063850774504397 0.1805214606297883 0.15145537492302483 0.19080291465212285 0.19615975494832105 0.1922309263298892 0.24149134261469674 0.20516402654860333 0.21721867339249978 0.19391155687274814 0.19850853924189588 0.12001834184326227 0.20418758557278732 0.17334260843490484 0.18915764471210744 0.23266508171279457 0.18009890440271947 0.18257150466989033 0.19608761127657964 0.19008871782136183 0.0 
