32
G000250675.fna 0.0 0.18245998584367895 0.18577882182148636 0.2150743268268556 0.2218927138474364 0.19136163981014317 0.21436018202061596 0.20022938137287807 0.20361241687810072 0.2195338520199721 0.18702250892443079 0.142359906843325 0.1717688088290752 0.1864958281064289 0.18692407242289102 0.20879395528139652 0.195723487965178 0.28025833206822615 0.20985496108260543 0.23239097629982935 0.20901690299989362 0.20281857461375302 0.18420848095723472 0.21273505339751178 0.18222572619864819 0.19577027162874627 0.24982161243333334 0.17368014563951173 0.17373833154255403 0.20840540734746793 0.2032346444437019 0.19500288654514214 
G000284035.fna 0.18245998584367895 0.0 0.17425862567034878 0.19264088308943683 0.19936452856865308 0.17825181912375015 0.20964963996086614 0.19049734368130297 0.1964101492951358 0.19581976426288422 0.18196591852993102 0.18186824559464443 0.17589998632989423 0.17524295428463071 0.19317608494671254 0.1948509806891204 0.19189690872930215 0.26982611676440027 0.20708123645822651 0.226852821104221 0.19735583681776953 0.1987632286410415 0.17302296326075192 0.19372314235430033 0.16891312140912076 0.17865255495952337 0.24137644914832854 0.17794639632792775 0.17728556482482377 0.19558676734670077 0.19678342256710527 0.18330147604019886 
G000308355.fna 0.18577882182148636 0.17425862567034878 0.0 0.21353374230295685 0.21898958856341325 0.18015432650801316 0.2127914263969701 0.19259175240871484 0.19168768275029033 0.2182177223708674 0.18229245669562988 0.18261729521660847 0.1832717728975062 0.14337271642163316 0.20273680628967025 0.20199770559812896 0.19285573259774536 0.26726015168994427 0.2045855960394261 0.23735611219540356 0.20146170283936277 0.19953900876141012 0.016961489982779153 0.20839195261550847 0.1683288694486932 0.1695798853749876 0.24123630731509235 0.18274056218010953 0.18194189434871794 0.19963191591221963 0.19141320803438389 0.13006879356273499 
G000308495.fna 0.2150743268268556 0.19264088308943683 0.21353374230295685 0.0 0.20146965663794367 0.20499834800165428 0.2290368201007048 0.21546983543503664 0.22209013848527906 0.12774379137658987 0.2117994439152638 0.2159853462438593 0.20435808116700926 0.21068914599724503 0.21935670711892657 0.21908521354072052 0.21725215584922597 0.29674062839996923 0.22988021770251182 0.2471841667614591 0.22234294100935137 0.22343962689644986 0.21191144392675434 0.1933637138282225 0.19938789094145803 0.21510367785898288 0.26108936124801846 0.2063046259799414 0.203710585367833 0.22063142001941285 0.22772568683486466 0.2201255460296842 
G000308515.fna 0.2218927138474364 0.19936452856865308 0.21898958856341325 0.20146965663794367 0.0 0.2134517556832202 0.23447362533158647 0.22483799610016533 0.2321399822315295 0.20392505620347223 0.21720480511275983 0.22434196820052524 0.2195877421366048 0.21736675801394312 0.22936241176984484 0.22382340506912024 0.22176409836005948 0.30232691531228595 0.23334706930115295 0.2561727291481062 0.2247427298706297 0.22600662705176386 0.21727764314900844 0.16091405879145407 0.2108474089773975 0.22346944537461813 0.26396977943252886 0.21963136839706435 0.21759278752222966 0.22511600905835283 0.23288498309243022 0.2197412221286869 
G000308595.fna 0.19136163981014317 0.17825181912375015 0.18015432650801316 0.20499834800165428 0.2134517556832202 0.0 0.21283398764337075 0.19759182146715548 0.19895110401441288 0.21312287194075 0.17814098315481058 0.18739190075386816 0.1840407752582766 0.17563769407348737 0.2037593901145201 0.20398387559897072 0.19580332549535295 0.2738065590272423 0.2067775194170567 0.23755967738842418 0.20411439493938774 0.20261301803536352 0.17838983251019436 0.20544477000875744 0.1484995284583026 0.18749392640125645 0.2436355259031327 0.1837270691471518 0.18411339497800194 0.20256226131835967 0.20032811830281513 0.18799681111416366 
G000308615.fna 0.21436018202061596 0.20964963996086614 0.2127914263969701 0.2290368201007048 0.23447362533158647 0.21283398764337075 0.0 0.20628675787631587 0.20629164159537078 0.23677341969517224 0.21294399809516315 0.21284095609472387 0.2130788781252636 0.2118920445865065 0.21633175941002894 0.19845389583708928 0.18647855788042633 0.29533273243563896 0.20187568561880498 0.2624700343257058 0.1939128298428553 0.1937034096625857 0.2113953256917841 0.22523547325205323 0.20910890190073805 0.22020533914757945 0.26403282878747525 0.21402704128860356 0.21369078820346035 0.1952790429209494 0.20874323850130266 0.2198779270226165 
G000308635.fna 0.20022938137287807 0.19049734368130297 0.19259175240871484 0.21546983543503664 0.22483799610016533 0.19759182146715548 0.20628675787631587 0.0 0.17117098679370063 0.22073867408813022 0.19937236695114485 0.19874416951039087 0.1980190944986878 0.18972802566860109 0.21164926198386677 0.19688058033900185 0.18699544994187106 0.2823586464543917 0.20391170396170671 0.24902357522162608 0.19804982613473554 0.19652199499823325 0.1914398064849863 0.217127636978026 0.18990876198416407 0.20413192795893859 0.25582357047875304 0.19862794189741242 0.19959402492787118 0.19842174289213924 0.16993216847846268 0.20018053067434483 
G000308655.fna 0.20361241687810072 0.1964101492951358 0.19168768275029033 0.22209013848527906 0.2321399822315295 0.19895110401441288 0.20629164159537078 0.17117098679370063 0.0 0.22873166518908583 0.20256395941299407 0.2003729362404108 0.20211779962380014 0.1886064797992098 0.2112607985299446 0.20034354080281114 0.1900020495305235 0.27587439332163355 0.202910686960089 0.254495086594067 0.2005408679943337 0.2004534224942577 0.1903436235229524 0.2236175512538296 0.19388510927029107 0.2090555170867669 0.2574534228232895 0.2014214671643645 0.20213832547703117 0.19924986127616684 0.12316125748440919 0.20437877940308782 
G000308675.fna 0.2195338520199721 0.19581976426288422 0.2182177223708674 0.12774379137658987 0.20392505620347223 0.21312287194075 0.23677341969517224 0.22073867408813022 0.22873166518908583 0.0 0.21621690131709323 0.22142087619734074 0.2097584749313062 0.21557583315311307 0.22459624899336902 0.22159260300042855 0.22380737363320788 0.29649642454655284 0.23409432847852554 0.24784051277487804 0.22605023967326074 0.22864634992183067 0.21693459512692134 0.2004601106491937 0.2053499404556457 0.21838298529433503 0.2620957059697041 0.2114507757486263 0.21107871677960288 0.22430944066810782 0.2308577417590036 0.22365188706766767 
G000308695.fna 0.18702250892443079 0.18196591852993102 0.18229245669562988 0.2117994439152638 0.21720480511275983 0.17814098315481058 0.21294399809516315 0.19937236695114485 0.20256395941299407 0.21621690131709323 0.0 0.18543881343264482 0.18329684745976235 0.17829968848455774 0.20090826287391886 0.20723606083930401 0.19742053816942937 0.28365112122695063 0.20937329241337377 0.2374065070076207 0.20684706118799256 0.20539951595379424 0.1809319438501151 0.20874564868405887 0.1731814247744629 0.12994012178427572 0.24892261274190502 0.18302062366406524 0.18327022535970697 0.2067600121997369 0.2035577010638214 0.1922616716040555 
G000308715.fna 0.142359906843325 0.18186824559464443 0.18261729521660847 0.2159853462438593 0.22434196820052524 0.18739190075386816 0.21284095609472387 0.19874416951039087 0.2003729362404108 0.22142087619734074 0.18543881343264482 0.0 0.16799240958828277 0.18096944089901523 0.18753720375791122 0.20770100976743658 0.19224061568443765 0.2811070346540037 0.2077985484436961 0.23194560635017253 0.2098763657743688 0.19979307915230995 0.18090088454004113 0.21517403723946998 0.17796545292346555 0.19436615621168263 0.25114432431050665 0.17055803052587795 0.17070234954044172 0.20707140145094208 0.1998499888369394 0.19305084395696676 
G000308755.fna 0.1717688088290752 0.17589998632989423 0.1832717728975062 0.20435808116700926 0.2195877421366048 0.1840407752582766 0.2130788781252636 0.1980190944986878 0.20211779962380014 0.2097584749313062 0.18329684745976235 0.16799240958828277 0.0 0.1815748273725192 0.18641393985343785 0.2028033947709493 0.1942963053845368 0.2768728073560205 0.20986848982489528 0.2018551990781614 0.2084304323479408 0.20097208879885886 0.18162458683945587 0.2081374951522175 0.17307844089597807 0.19082543854353395 0.2469453011019473 0.12715974103104202 0.12886182112734446 0.20451356781222846 0.20368518288566356 0.1937686565288471 
G000308795.fna 0.1864958281064289 0.17524295428463071 0.14337271642163316 0.21068914599724503 0.21736675801394312 0.17563769407348737 0.2118920445865065 0.18972802566860109 0.1886064797992098 0.21557583315311307 0.17829968848455774 0.18096944089901523 0.1815748273725192 0.0 0.20475663805971414 0.19807047070159278 0.18929325481316994 0.26649745315274326 0.20299624042678713 0.2387203148453595 0.19997922382078812 0.19820933309308114 0.14185407137811984 0.20360381031369792 0.16801674192636726 0.18705169191734405 0.2407288597100621 0.18185809313117163 0.18103164122546744 0.19951171138224508 0.1893812476506468 0.15987346231666533 
G000308835.fna 0.18692407242289102 0.19317608494671254 0.20273680628967025 0.21935670711892657 0.22936241176984484 0.2037593901145201 0.21633175941002894 0.21164926198386677 0.2112607985299446 0.22459624899336902 0.20090826287391886 0.18753720375791122 0.18641393985343785 0.20475663805971414 0.0 0.21675834966759022 0.20964191861522355 0.2908335931211953 0.22364815988379244 0.24072615663158736 0.21600605333542364 0.2174077620376618 0.20120626368225533 0.22224141131032965 0.19909860018291622 0.20183653841335264 0.2687584762018982 0.1889719203235607 0.19027973344975999 0.21438240203677958 0.21384957942433136 0.2088059145723194 
G000308855.fna 0.20879395528139652 0.1948509806891204 0.20199770559812896 0.21908521354072052 0.22382340506912024 0.20398387559897072 0.19845389583708928 0.19688058033900185 0.20034354080281114 0.22159260300042855 0.20723606083930401 0.20770100976743658 0.2028033947709493 0.19807047070159278 0.21675834966759022 0.0 0.1808767417464307 0.28186868988577746 0.19963008548007982 0.2508880505354954 0.15023774476605503 0.18991180052815243 0.2003811349865945 0.21698092567548244 0.19641195217278515 0.2138209163430302 0.2516564390299921 0.20486632977403127 0.20346297617798978 0.12836995165861823 0.20268059424412413 0.21046060285807644 
G000308875.fna 0.195723487965178 0.19189690872930215 0.19285573259774536 0.21725215584922597 0.22176409836005948 0.19580332549535295 0.18647855788042633 0.18699544994187106 0.1900020495305235 0.22380737363320788 0.19742053816942937 0.19224061568443765 0.1942963053845368 0.18929325481316994 0.20964191861522355 0.1808767417464307 0.0 0.28107611835024604 0.18520103771470514 0.2503586059696129 0.1815824547112604 0.14888408911362871 0.19143539368956142 0.21193488301117105 0.18849566133076323 0.20652119564839344 0.24898410597150716 0.19597177111075254 0.19586946930319454 0.1802962231967393 0.1907668011247508 0.20309217405371366 
G000380645.fna 0.28025833206822615 0.26982611676440027 0.26726015168994427 0.29674062839996923 0.30232691531228595 0.2738065590272423 0.29533273243563896 0.2823586464543917 0.27587439332163355 0.29649642454655284 0.28365112122695063 0.2811070346540037 0.2768728073560205 0.26649745315274326 0.2908335931211953 0.28186868988577746 0.28107611835024604 0.0 0.2949501436006507 0.30993485549979943 0.28583520448673044 0.2892598851116242 0.2657347227237517 0.29658953190967546 0.2681108562184922 0.28666164903042995 0.2864734193561409 0.2749443861483904 0.2751677102674454 0.28131377557166926 0.27419438895576065 0.2722125338303562 
G000381925.fna 0.20985496108260543 0.20708123645822651 0.2045855960394261 0.22988021770251182 0.23334706930115295 0.2067775194170567 0.20187568561880498 0.20391170396170671 0.202910686960089 0.23409432847852554 0.20937329241337377 0.2077985484436961 0.20986848982489528 0.20299624042678713 0.22364815988379244 0.19963008548007982 0.18520103771470514 0.2949501436006507 0.0 0.262080628236773 0.19816321195373787 0.18991716167946443 0.2046974845971532 0.22283011495733562 0.19866398670007285 0.2146750051161829 0.2533276948802546 0.2086048424042823 0.20882163682515545 0.19583410824312872 0.2043537648296106 0.21629519565171235 
G000482385.fna 0.23239097629982935 0.226852821104221 0.23735611219540356 0.2471841667614591 0.2561727291481062 0.23755967738842418 0.2624700343257058 0.24902357522162608 0.254495086594067 0.24784051277487804 0.2374065070076207 0.23194560635017253 0.2018551990781614 0.2387203148453595 0.24072615663158736 0.2508880505354954 0.2503586059696129 0.30993485549979943 0.262080628236773 0.0 0.25586255087932175 0.25250734012380305 0.2365880968338562 0.2528342950668834 0.22561519620007825 0.23516824776016942 0.2798255265943752 0.20364916773870193 0.2035830135912394 0.2518625620426326 0.25364180315584406 0.24272248293712037 
G000523235.fna 0.20901690299989362 0.19735583681776953 0.20146170283936277 0.22234294100935137 0.2247427298706297 0.20411439493938774 0.1939128298428553 0.19804982613473554 0.2005408679943337 0.22605023967326074 0.20684706118799256 0.2098763657743688 0.2084304323479408 0.19997922382078812 0.21600605333542364 0.15023774476605503 0.1815824547112604 0.28583520448673044 0.19816321195373787 0.25586255087932175 0.0 0.19044823599474764 0.200225332346778 0.2179767326834069 0.19929477231936726 0.2127496169892736 0.2548346354716756 0.2075741220403272 0.20700773444328624 0.1445204535817911 0.20245169664176713 0.20955652989523185 
G000526215.fna 0.20281857461375302 0.1987632286410415 0.19953900876141012 0.22343962689644986 0.22600662705176386 0.20261301803536352 0.1937034096625857 0.19652199499823325 0.2004534224942577 0.22864634992183067 0.20539951595379424 0.19979307915230995 0.20097208879885886 0.19820933309308114 0.2174077620376618 0.18991180052815243 0.14888408911362871 0.2892598851116242 0.18991716167946443 0.25250734012380305 0.19044823599474764 0.0 0.19923832759996835 0.2152740823708829 0.19216278671081438 0.2114695144799872 0.24810620734380157 0.20128973321426033 0.20138717786595942 0.18823932949225014 0.19958054941514886 0.2099365388806261 
G000719275.fna 0.18420848095723472 0.17302296326075192 0.016961489982779153 0.21191144392675434 0.21727764314900844 0.17838983251019436 0.2113953256917841 0.1914398064849863 0.1903436235229524 0.21693459512692134 0.1809319438501151 0.18090088454004113 0.18162458683945587 0.14185407137811984 0.20120626368225533 0.2003811349865945 0.19143539368956142 0.2657347227237517 0.2046974845971532 0.2365880968338562 0.200225332346778 0.19923832759996835 0.0 0.20838458704821045 0.16930556667514723 0.16941270522485474 0.2410449373184444 0.18212070251765045 0.1814360315545796 0.19872686740394735 0.19072030686210384 0.129022459116316 
G000720425.fna 0.21273505339751178 0.19372314235430033 0.20839195261550847 0.1933637138282225 0.16091405879145407 0.20544477000875744 0.22523547325205323 0.217127636978026 0.2236175512538296 0.2004601106491937 0.20874564868405887 0.21517403723946998 0.2081374951522175 0.20360381031369792 0.22224141131032965 0.21698092567548244 0.21193488301117105 0.29658953190967546 0.22283011495733562 0.2528342950668834 0.2179767326834069 0.2152740823708829 0.20838458704821045 0.0 0.1989076432378827 0.2141288148449936 0.2549962355780394 0.20779607145909562 0.20447519745862724 0.2151197121193724 0.22406551819688653 0.21658275110806297 
G001182745.fna 0.18222572619864819 0.16891312140912076 0.1683288694486932 0.19938789094145803 0.2108474089773975 0.1484995284583026 0.20910890190073805 0.18990876198416407 0.19388510927029107 0.2053499404556457 0.1731814247744629 0.17796545292346555 0.17307844089597807 0.16801674192636726 0.19909860018291622 0.19641195217278515 0.18849566133076323 0.2681108562184922 0.19866398670007285 0.22561519620007825 0.19929477231936726 0.19216278671081438 0.16930556667514723 0.1989076432378827 0.0 0.17864028936373275 0.23402716760533945 0.16998732230698965 0.16995888485453534 0.19567544617177082 0.1933745592786151 0.1843068173327914 
G001310275.fna 0.19577027162874627 0.17865255495952337 0.1695798853749876 0.21510367785898288 0.22346944537461813 0.18749392640125645 0.22020533914757945 0.20413192795893859 0.2090555170867669 0.21838298529433503 0.12994012178427572 0.19436615621168263 0.19082543854353395 0.18705169191734405 0.20183653841335264 0.2138209163430302 0.20652119564839344 0.28666164903042995 0.2146750051161829 0.23516824776016942 0.2127496169892736 0.2114695144799872 0.16941270522485474 0.2141288148449936 0.17864028936373275 0.0 0.2544949580057433 0.18667826192298353 0.18898284332085366 0.21039595177645654 0.2092132062224542 0.2022616447212466 
G001552855.fna 0.24982161243333334 0.24137644914832854 0.24123630731509235 0.26108936124801846 0.26396977943252886 0.2436355259031327 0.26403282878747525 0.25582357047875304 0.2574534228232895 0.2620957059697041 0.24892261274190502 0.25114432431050665 0.2469453011019473 0.2407288597100621 0.2687584762018982 0.2516564390299921 0.24898410597150716 0.2864734193561409 0.2533276948802546 0.2798255265943752 0.2548346354716756 0.24810620734380157 0.2410449373184444 0.2549962355780394 0.23402716760533945 0.2544949580057433 0.0 0.24602763950403733 0.24555690041917894 0.2527144308291089 0.2566449557573467 0.25084126167060644 
G001612765.fna 0.17368014563951173 0.17794639632792775 0.18274056218010953 0.2063046259799414 0.21963136839706435 0.1837270691471518 0.21402704128860356 0.19862794189741242 0.2014214671643645 0.2114507757486263 0.18302062366406524 0.17055803052587795 0.12715974103104202 0.18185809313117163 0.1889719203235607 0.20486632977403127 0.19597177111075254 0.2749443861483904 0.2086048424042823 0.20364916773870193 0.2075741220403272 0.20128973321426033 0.18212070251765045 0.20779607145909562 0.16998732230698965 0.18667826192298353 0.24602763950403733 0.0 0.09963445685170108 0.20355443322091796 0.20334602928510387 0.19277806262474131 
G001613465.fna 0.17373833154255403 0.17728556482482377 0.18194189434871794 0.203710585367833 0.21759278752222966 0.18411339497800194 0.21369078820346035 0.19959402492787118 0.20213832547703117 0.21107871677960288 0.18327022535970697 0.17070234954044172 0.12886182112734446 0.18103164122546744 0.19027973344975999 0.20346297617798978 0.19586946930319454 0.2751677102674454 0.20882163682515545 0.2035830135912394 0.20700773444328624 0.20138717786595942 0.1814360315545796 0.20447519745862724 0.16995888485453534 0.18898284332085366 0.24555690041917894 0.09963445685170108 0.0 0.20367678420740354 0.20305845869115982 0.19497021679029147 
G001613505.fna 0.20840540734746793 0.19558676734670077 0.19963191591221963 0.22063142001941285 0.22511600905835283 0.20256226131835967 0.1952790429209494 0.19842174289213924 0.19924986127616684 0.22430944066810782 0.2067600121997369 0.20707140145094208 0.20451356781222846 0.19951171138224508 0.21438240203677958 0.12836995165861823 0.1802962231967393 0.28131377557166926 0.19583410824312872 0.2518625620426326 0.1445204535817911 0.18823932949225014 0.19872686740394735 0.2151197121193724 0.19567544617177082 0.21039595177645654 0.2527144308291089 0.20355443322091796 0.20367678420740354 0.0 0.20145258806022062 0.21063019917024228 
G001865855.fna 0.2032346444437019 0.19678342256710527 0.19141320803438389 0.22772568683486466 0.23288498309243022 0.20032811830281513 0.20874323850130266 0.16993216847846268 0.12316125748440919 0.2308577417590036 0.2035577010638214 0.1998499888369394 0.20368518288566356 0.1893812476506468 0.21384957942433136 0.20268059424412413 0.1907668011247508 0.27419438895576065 0.2043537648296106 0.25364180315584406 0.20245169664176713 0.19958054941514886 0.19072030686210384 0.22406551819688653 0.1933745592786151 0.2092132062224542 0.2566449557573467 0.20334602928510387 0.20305845869115982 0.20145258806022062 0.0 0.20356885989330023 
G001886715.fna 0.19500288654514214 0.18330147604019886 0.13006879356273499 0.2201255460296842 0.2197412221286869 0.18799681111416366 0.2198779270226165 0.20018053067434483 0.20437877940308782 0.22365188706766767 0.1922616716040555 0.19305084395696676 0.1937686565288471 0.15987346231666533 0.2088059145723194 0.21046060285807644 0.20309217405371366 0.2722125338303562 0.21629519565171235 0.24272248293712037 0.20955652989523185 0.2099365388806261 0.129022459116316 0.21658275110806297 0.1843068173327914 0.2022616447212466 0.25084126167060644 0.19277806262474131 0.19497021679029147 0.21063019917024228 0.20356885989330023 0.0 
