86
G000011225 0.0 0.3477845 0.3425946 0.3418129 0.3422079 0.3484743 0.3418293 0.3490172 0.3247758 0.3581895 0.3415486 0.336939 0.209971 0.3350669 0.3599263 0.3427179 0.3514295 0.3423361 0.3552624 0.3488958 0.3495556 0.3622341 0.3484 0.3591946 0.3191469 0.3202878 0.3740557 0.3385468 0.3926896 0.3811755 0.4084722 0.3727 0.5062894 0.4044524 0.4109037 0.3629155 0.35188 0.4097288 0.319297 0.3696445 0.5091653 0.3376487 0.316706 0.3531714 0.3340614 0.2572423 0.3344913 0.3199252 0.327675 0.3312275 0.3882177 0.3882165 0.3501672 0.2635734 0.344271 0.4247781 0.4434923 0.343075 0.3320523 0.3469586 0.3293071 0.3498175 0.3223448 0.3115303 0.3428695 0.3195114 0.3527022 0.3593785 0.3458409 0.3537222 0.38652 0.3597778 0.4261623 0.4252602 0.3666046 0.3537971 0.3712419 0.3452248 0.3388821 0.4503455 0.3449705 0.4315925 0.4315766 0.3924266 0.3472227 0.3367489 
G000154285 0.3477845 0.0 0.2516689 0.2744242 0.2187506 0.1764398 0.1999984 0.2860593 0.2666024 0.2110943 0.2701061 0.1416849 0.3438075 0.3076869 0.1929831 0.2035271 0.2535668 0.2640778 0.2217612 0.2594719 0.2796142 0.189426 0.3274444 0.2529601 0.297713 0.2977886 0.2431822 0.2349532 0.2853949 0.3118911 0.3086429 0.3963544 0.2649361 0.2272328 0.3568523 0.3181742 0.010662 0.3175676 0.3052373 0.2217502 0.1955088 0.3107094 0.3059962 0.2437868 0.3162319 0.3303007 0.3086944 0.305871 0.2993979 0.3062884 0.2911087 0.2925926 0.2965144 0.3316559 0.2800965 0.3170089 0.3293042 0.2788336 0.3058656 0.2816985 0.3018802 0.2891141 0.3052967 0.3052288 0.3075837 0.3068661 0.2484503 0.1580204 0.2732404 0.2552794 0.4307099 0.2129396 0.3417168 0.3471851 0.2625297 0.2569498 0.245864 0.2804047 0.1731702 0.3301144 0.2796789 0.3291845 0.3296681 0.219883 0.2598898 0.1719028 
G000154485 0.3425946 0.2516689 0.0 0.1760938 0.2800347 0.3070714 0.2951185 0.2550614 0.2951332 0.3039831 0.2987216 0.2837265 0.348398 0.305207 0.3043675 0.2942408 0.2268076 0.2792155 0.2948358 0.3031747 0.2646922 0.3065772 0.3263326 0.2938716 0.299315 0.2993715 0.2959606 0.288256 0.3135776 0.3251799 0.3415511 0.4415528 0.3117746 0.3468281 0.3718898 0.3156928 0.3268833 0.2783078 0.3039069 0.3151513 0.3357683 0.3027808 0.3072145 0.2963223 0.3159136 0.3447052 0.3088688 0.3042667 0.2976819 0.3014545 0.2660425 0.2636798 0.1689211 0.3465401 0.3116223 0.282771 0.2912879 0.2075911 0.3049065 0.2384191 0.2976263 0.2183897 0.316856 0.3129478 0.3046598 0.3095764 0.2965333 0.304846 0.295918 0.3030463 0.4754341 0.3051373 0.3829653 0.3860683 0.3055131 0.3047335 0.2992845 0.2536418 0.2665589 0.2921794 0.2525392 0.2898713 0.2898615 0.315859 0.3022794 0.2876694 
G000154805 0.3418129 0.2744242 0.1760938 0.0 0.2788065 0.3068486 0.2983527 0.2503265 0.2880099 0.2424633 0.2946997 0.2526785 0.3372772 0.2961555 0.249776 0.2681365 0.2054421 0.2817192 0.3062875 0.303325 0.2578501 0.2632799 0.321738 0.2878779 0.2922724 0.2910179 0.2945795 0.2916113 0.319035 0.3278734 0.3494547 0.412366 0.3060063 0.3267397 0.3776465 0.3262182 0.3096511 0.2728643 0.2970777 0.2604441 0.3132495 0.2948449 0.2981716 0.3055636 0.3037852 0.3400354 0.3085382 0.2976025 0.2924144 0.2978157 0.2604465 0.2620306 0.1599251 0.3388617 0.3091221 0.2816206 0.2868709 0.2000827 0.2994303 0.2360188 0.2918249 0.2224257 0.3081317 0.3070969 0.2952486 0.3016073 0.3044058 0.2458853 0.2937151 0.2970791 0.482499 0.2389505 0.3757196 0.3795686 0.3064778 0.2971361 0.2991946 0.2526122 0.241649 0.2869196 0.2516384 0.2892405 0.289229 0.2495223 0.3024762 0.2784078 
G000156655 0.3422079 0.2187506 0.2800347 0.2788065 0.0 0.2781605 0.2442357 0.2094146 0.2702305 0.2241706 0.2030014 0.1542455 0.3430534 0.3106026 0.2002022 0.1996977 0.2026451 0.268919 0.24141 0.277785 0.2872339 0.2103157 0.3235509 0.2317057 0.3005863 0.3015087 0.2360331 0.2220646 0.2884241 0.3255947 0.2109867 0.3973366 0.2139005 0.2667555 0.3577099 0.3243878 0.265155 0.3048725 0.3086242 0.2053495 0.2253063 0.3087242 0.3095009 0.2592066 0.3195162 0.3277202 0.3116034 0.307304 0.3031215 0.3093409 0.281852 0.2668941 0.2178181 0.3335259 0.2838066 0.270266 0.2561524 0.2082042 0.3096143 0.2835592 0.3051196 0.2819147 0.3115117 0.3115364 0.3094216 0.3109171 0.2600831 0.2067429 0.2817932 0.2481305 0.3826126 0.2088729 0.3497827 0.3491183 0.2566338 0.249009 0.2370277 0.2789473 0.2533516 0.2665533 0.2581106 0.2525758 0.2525913 0.2263467 0.2761652 0.236557 
G000157995 0.3484743 0.1764398 0.3070714 0.3068486 0.2781605 0.0 0.2663642 0.3060051 0.2747147 0.2702898 0.2776802 0.2050724 0.3513416 0.3287244 0.2684192 0.1831762 0.2601149 0.2798269 0.2663991 0.125461 0.3081059 0.2244815 0.3736775 0.2689356 0.3183846 0.3184348 0.284683 0.2530288 0.2058092 0.3278455 0.3538275 0.4460783 0.3278982 0.2957083 0.3533593 0.331844 0.3042966 0.3468156 0.330812 0.2864518 0.3505947 0.3356845 0.3320276 0.2649587 0.3416757 0.3476037 0.328905 0.3300903 0.3189793 0.3293074 0.331432 0.3294879 0.3252231 0.3442677 0.2741571 0.3710637 0.2838154 0.3051787 0.3260176 0.2873062 0.3201559 0.3056955 0.3299484 0.3295634 0.3290147 0.3319001 0.2663124 0.2169115 0.2838335 0.2812669 0.4604838 0.2717985 0.3152718 0.3171904 0.2911943 0.2820108 0.2842361 0.3033567 0.1870412 0.3709759 0.302763 0.3706543 0.3723596 0.2808968 0.0586497 0.2220464 
G000163515 0.3418293 0.1999984 0.2951185 0.2983527 0.2442357 0.2663642 0.0 0.2819845 0.2795852 0.1993743 0.2815691 0.210848 0.3447767 0.3186369 0.2128709 0.0162974 0.2993931 0.2782639 0.2559216 0.2674365 0.2876008 0.213019 0.350233 0.2673585 0.3092222 0.3089845 0.2518562 0.2425132 0.2970152 0.3315939 0.3151008 0.4407775 0.2746618 0.2214595 0.3821966 0.3267664 0.2375315 0.3295193 0.3163236 0.2194574 0.2810629 0.3268476 0.316726 0.254889 0.3326073 0.3400127 0.3229228 0.3151345 0.3121429 0.3174702 0.3041923 0.3031489 0.3185907 0.3435076 0.2877054 0.3344616 0.3418888 0.2937358 0.3175547 0.2922011 0.31391 0.2388547 0.3175037 0.3144484 0.3187836 0.3175829 0.2559905 0.1847653 0.2837772 0.2639121 0.4905819 0.2131004 0.328315 0.3317472 0.2723273 0.2659512 0.2544024 0.287856 0.1755688 0.3409088 0.2879595 0.3405525 0.3410971 0.2160976 0.1941141 0.1874532 
G000173795 0.3490172 0.2860593 0.2550614 0.2503265 0.2094146 0.3060051 0.2819845 0.0 0.2854442 0.3028827 0.288975 0.2821653 0.3502353 0.3085886 0.3048773 0.2939781 0.248718 0.2844091 0.2968592 0.3036087 0.2367717 0.3028074 0.3251314 0.2854793 0.3049084 0.3033797 0.2887992 0.2852605 0.3094944 0.3291539 0.3342725 0.4279893 0.3178708 0.341002 0.3727263 0.3305356 0.3374766 0.0445183 0.3044897 0.3124841 0.3335851 0.3100251 0.3052901 0.29692 0.3285247 0.3400825 0.3217312 0.3054818 0.3018583 0.306133 0.221317 0.2131336 0.2675296 0.3465984 0.3082171 0.2202777 0.2146589 0.2301498 0.3071128 0.2545579 0.3012826 0.2455073 0.3169309 0.3176515 0.3078662 0.3099913 0.2987767 0.2931894 0.2978085 0.2901023 0.3896819 0.3059691 0.4163024 0.4156514 0.3019969 0.2909666 0.2937484 0.2138467 0.2810139 0.221001 0.2162415 0.2174314 0.2174764 0.3162615 0.3048565 0.2819788 
G000177375 0.3247758 0.2666024 0.2951332 0.2880099 0.2702305 0.2747147 0.2795852 0.2854442 0.0 0.2856954 0.1643903 0.2671107 0.3270876 0.3068468 0.2862477 0.2789138 0.2975603 0.267421 0.2769331 0.2737433 0.1704658 0.2895434 0.3317658 0.2785342 0.2976626 0.2977593 0.2722385 0.2672021 0.1889053 0.3317568 0.3446053 0.3828547 0.3307758 0.3242131 0.3401575 0.3166167 0.3683788 0.3190755 0.3108644 0.3085656 0.3686094 0.3069225 0.3110594 0.2760508 0.3067375 0.3213507 0.3056391 0.3070023 0.3002048 0.3119512 0.3077619 0.3010853 0.300398 0.3264105 0.2363236 0.3083763 0.3468997 0.2867275 0.3014616 0.2878015 0.3029661 0.2908588 0.3136459 0.3111046 0.3080616 0.3102583 0.2766551 0.286826 0.2773824 0.2798625 0.4156825 0.2868549 0.3567859 0.3579113 0.2943368 0.2804425 0.2756324 0.2429675 0.2687209 0.3471614 0.2427313 0.3466418 0.3466269 0.302305 0.272941 0.2723606 
G000183585 0.3581895 0.2110943 0.3039831 0.2424633 0.2241706 0.2702898 0.1993743 0.3028827 0.2856954 0.0 0.2885833 0.1867935 0.3586519 0.3252434 0.0067729 0.1787279 0.1841406 0.2819283 0.2440592 0.2700416 0.293705 0.0191783 0.3690455 0.2740864 0.3151413 0.3151886 0.2606196 0.2510869 0.3010551 0.3347758 0.3273543 0.4481769 0.2889002 0.0056848 0.3845783 0.3333439 0.2477787 0.344862 0.3214258 0.0059421 0.2924162 0.3313326 0.3217322 0.2539009 0.3351595 0.3487005 0.3276386 0.3218724 0.3172904 0.3225168 0.3141405 0.3089999 0.2588993 0.3411948 0.2951225 0.3437634 0.3404865 0.2277109 0.3229227 0.2987167 0.3188712 0.2988428 0.3194424 0.3190804 0.3255173 0.3225198 0.2556145 0.0045173 0.2851469 0.2720304 0.4829115 0.0133472 0.3360636 0.3381816 0.2759973 0.2735997 0.2643013 0.2960567 0.2290498 0.337484 0.2952934 0.3209816 0.3213832 0.0046384 0.2702332 0.2445377 
G000186945 0.3415486 0.2701061 0.2987216 0.2946997 0.2030014 0.2776802 0.2815691 0.288975 0.1643903 0.2885833 0.0 0.267668 0.3374086 0.3164292 0.2900811 0.2811536 0.3021283 0.2688199 0.2770367 0.2756794 0.1711339 0.2920826 0.3304165 0.2834313 0.306731 0.3068097 0.2836797 0.2721142 0.0213435 0.3589135 0.3708321 0.3823847 0.3356506 0.3328107 0.3603364 0.330582 0.3724622 0.3151871 0.3134044 0.3117093 0.3653342 0.3201801 0.3137424 0.2777638 0.3196607 0.3295793 0.3174397 0.313085 0.3062128 0.3173011 0.3136662 0.3092014 0.3133858 0.3321004 0.2333028 0.3437067 0.3399738 0.2909497 0.314189 0.2941347 0.3093491 0.3015725 0.3132477 0.3128696 0.3139208 0.3130248 0.2784468 0.2886419 0.2835069 0.2865031 0.4620796 0.2899527 0.3452192 0.3457187 0.2937462 0.2870969 0.285639 0.2854254 0.2727272 0.3339246 0.285694 0.3337642 0.3337514 0.3044644 0.2755192 0.2775779 
G000210615 0.336939 0.1416849 0.2837265 0.2526785 0.1542455 0.2050724 0.210848 0.2821653 0.2671107 0.1867935 0.267668 0.0 0.3282882 0.3041755 0.1911119 0.1800783 0.1872333 0.2689301 0.2391085 0.2403851 0.2809969 0.2223007 0.3266684 0.2438998 0.2923909 0.2924793 0.2271079 0.1564243 0.2845763 0.3100756 0.2615921 0.3891841 0.0194297 0.2090518 0.3701815 0.3192865 0.2769786 0.2577779 0.2970896 0.1921345 0.0207867 0.302299 0.299135 0.2528684 0.3083569 0.3255893 0.2961526 0.3000742 0.2952024 0.2990489 0.2948546 0.2922175 0.2913524 0.3283073 0.2821503 0.3195434 0.3190074 0.235762 0.3022847 0.2372085 0.2977826 0.2843531 0.3016791 0.3011904 0.3041124 0.3001789 0.2550101 0.1476522 0.2810583 0.2423473 0.392843 0.208964 0.3515708 0.3534837 0.2526994 0.2433603 0.2295054 0.2789379 0.1753809 0.3095154 0.2782857 0.3175223 0.318112 0.1901969 0.2695552 0.1579825 
G000227355 0.209971 0.3438075 0.348398 0.3372772 0.3430534 0.3513416 0.3447767 0.3502353 0.3270876 0.3586519 0.3374086 0.3282882 0.0 0.3174525 0.3604309 0.3427045 0.3500791 0.336388 0.3551855 0.3514264 0.3462684 0.3642171 0.4526249 0.3652469 0.3029415 0.3030481 0.3716443 0.3345783 0.3896166 0.4461454 0.4067662 0.37881 0.3943777 0.4189833 0.4751909 0.359421 0.4807758 0.4145811 0.3005144 0.3822213 0.397213 0.3230971 0.3089845 0.3535041 0.3295181 0.253959 0.3255096 0.3067343 0.3076306 0.3130791 0.3779969 0.3779958 0.3585747 0.262559 0.3439225 0.4037766 0.436141 0.3442973 0.3115556 0.350352 0.3123923 0.3521395 0.3056645 0.306784 0.3197184 0.3108442 0.3530212 0.35987 0.3469155 0.3529754 0.39772 0.3617024 0.4833334 0.482369 0.3761062 0.3530531 0.3708257 0.344283 0.3361199 0.4359081 0.3406377 0.4256526 0.4256361 0.4016854 0.350055 0.3426608 
G000236085 0.3350669 0.3076869 0.305207 0.2961555 0.3106026 0.3287244 0.3186369 0.3085886 0.3068468 0.3252434 0.3164292 0.3041755 0.3174525 0.0 0.3269845 0.3177311 0.3057771 0.314472 0.3221381 0.3275612 0.2978245 0.3292959 0.3844343 0.3136064 0.1774919 0.1782244 0.316972 0.3146944 0.3239132 0.3674651 0.4337732 0.4158059 0.3926481 0.3711367 0.4032529 0.3498435 0.3922328 0.3610063 0.2378213 0.3393447 0.3563888 0.2544494 0.2346619 0.3212515 0.2586646 0.3270892 0.255664 0.2333149 0.1890491 0.239932 0.3089354 0.3085535 0.3340857 0.3252106 0.3286506 0.3755541 0.3894565 0.2982628 0.1285587 0.3009583 0.1906532 0.3068478 0.242364 0.242103 0.0722917 0.2322523 0.3203984 0.3264355 0.3275643 0.3194642 0.3721 0.3268357 0.4347724 0.4338407 0.3198471 0.3195399 0.3168552 0.2983415 0.315235 0.3876907 0.2980852 0.3871323 0.3871162 0.3279029 0.3255795 0.3186704 
G000242195 0.3599263 0.1929831 0.3043675 0.249776 0.2002022 0.2684192 0.2128709 0.3048773 0.2862477 0.0067729 0.2900811 0.1911119 0.3604309 0.3269845 0.0 0.1686897 0.1774415 0.2834391 0.2445686 0.2709114 0.293838 0.0199324 0.3700802 0.2760124 0.3169164 0.3169615 0.2633646 0.2532938 0.2567215 0.336455 0.3287896 0.449941 0.2912739 0.0045032 0.3909213 0.334968 0.2488371 0.3480927 0.3232103 0.0074115 0.2933531 0.333181 0.3234944 0.2564815 0.3369535 0.350569 0.3304922 0.3236281 0.3190555 0.3243079 0.3156519 0.3105079 0.2178833 0.3429219 0.2968106 0.345277 0.3419329 0.2002452 0.3246542 0.2943738 0.3205644 0.2881697 0.3211731 0.3208276 0.3272459 0.3242777 0.2244921 0.0077242 0.28655 0.2740166 0.4848812 0.013888 0.3375425 0.3396811 0.2784783 0.2756836 0.2652935 0.297332 0.2414409 0.3389331 0.2967838 0.3406126 0.3412855 0.006583 0.267374 0.2082182 
G000242955 0.3427179 0.2035271 0.2942408 0.2681365 0.1996977 0.1831762 0.0162974 0.2939781 0.2789138 0.1787279 0.2811536 0.1800783 0.3427045 0.3177311 0.1686897 0.0 0.1765997 0.2774152 0.242387 0.2633337 0.2869625 0.1944235 0.3522501 0.2660762 0.3082924 0.3080563 0.2530335 0.2425365 0.2661822 0.3302217 0.3136658 0.4398713 0.2732824 0.1953783 0.3794081 0.3259371 0.2351532 0.3187022 0.3153881 0.1745046 0.2743812 0.3246278 0.3158052 0.153154 0.3316659 0.3390255 0.3219684 0.3142188 0.3112197 0.3165303 0.3053895 0.3042886 0.1715958 0.3356447 0.2870298 0.3383434 0.3403319 0.199394 0.3166545 0.280417 0.3131937 0.2949093 0.3166023 0.3135371 0.3178861 0.316665 0.2553303 0.1732872 0.283079 0.2632467 0.4895369 0.1780152 0.3271801 0.3305535 0.2740999 0.2652544 0.2537589 0.2885265 0.1743982 0.3393683 0.2886373 0.3390051 0.3395369 0.1814161 0.2655625 0.2332635 
G000269565 0.3514295 0.2535668 0.2268076 0.2054421 0.2026451 0.2601149 0.2993931 0.248718 0.2975603 0.1841406 0.3021283 0.1872333 0.3500791 0.3057771 0.1774415 0.1765997 0.0 0.2877889 0.2533865 0.3061879 0.2524657 0.2045481 0.3232521 0.2724409 0.3011704 0.302154 0.2974048 0.269152 0.2432782 0.3207022 0.3730725 0.4460059 0.3243743 0.2204234 0.3588222 0.3210174 0.3506077 0.2665548 0.3056575 0.1832269 0.1782394 0.3106527 0.308319 0.2979081 0.3249531 0.3542848 0.320972 0.3068942 0.299151 0.3058819 0.2582325 0.2593747 0.2005202 0.3465395 0.3145616 0.2754334 0.2680875 0.1529812 0.30528 0.2356386 0.2982188 0.1510405 0.3184166 0.3167684 0.304619 0.3115269 0.2979949 0.1803757 0.2876904 0.3005967 0.4532885 0.1851066 0.3934391 0.3929179 0.3081498 0.3006406 0.2999763 0.2490693 0.2067622 0.2845383 0.2478169 0.2861659 0.2863729 0.1876125 0.258612 0.2671366 
G000270085 0.3423361 0.2640778 0.2792155 0.2817192 0.268919 0.2798269 0.2782639 0.2844091 0.267421 0.2819283 0.2688199 0.2689301 0.336388 0.314472 0.2834391 0.2774152 0.2877889 0.0 0.2712714 0.2790556 0.2879767 0.2854705 0.1091013 0.276874 0.2998736 0.2989536 0.2790676 0.2701209 0.2906862 0.3336337 0.3482495 0.4083984 0.3245022 0.3137451 0.3628305 0.3164087 0.3519289 0.3075336 0.3083229 0.3015038 0.3377722 0.3128312 0.3077017 0.2699036 0.3180094 0.3238403 0.3193694 0.3083718 0.3052381 0.3096519 0.3025934 0.3028704 0.2931411 0.322203 0.2850139 0.3217373 0.3285185 0.2775538 0.3108369 0.2805031 0.3084433 0.2875098 0.304724 0.3026269 0.3162045 0.3106961 0.2716694 0.2829963 0.2299673 0.284839 0.37251 0.283057 0.324574 0.3284576 0.2847177 0.2871205 0.280672 0.2832182 0.2674071 0.3278099 0.2809262 0.3294474 0.3305381 0.2949766 0.2770617 0.2753672 
G000313565 0.3552624 0.2217612 0.2948358 0.3062875 0.24141 0.2663991 0.2559216 0.2968592 0.2769331 0.2440592 0.2770367 0.2391085 0.3551855 0.3221381 0.2445686 0.242387 0.2533865 0.2712714 0.0 0.1738221 0.2937605 0.2504619 0.3283152 0.2733539 0.3105063 0.3114055 0.2689883 0.2570947 0.2983772 0.3445489 0.3172288 0.4356582 0.2925755 0.2121684 0.3723402 0.3271009 0.2955747 0.3224564 0.3190353 0.2249284 0.311032 0.3288802 0.318516 0.059679 0.3342949 0.3441795 0.323414 0.3191924 0.3127889 0.318725 0.3223663 0.3165486 0.3100942 0.3445064 0.285179 0.3532753 0.348894 0.2664463 0.3184177 0.293415 0.3145407 0.2966608 0.3164064 0.3156875 0.3211517 0.3211281 0.0600947 0.2200876 0.2804641 0.2727654 0.4316021 0.2248623 0.3426058 0.3420768 0.2741574 0.2738072 0.2690139 0.2940931 0.2271618 0.3487598 0.2938708 0.3431366 0.3436785 0.2232581 0.2650332 0.2601774 
G000327285 0.3488958 0.2594719 0.3031747 0.303325 0.277785 0.125461 0.2674365 0.3036087 0.2737433 0.2700416 0.2756794 0.2403851 0.3514264 0.3275612 0.2709114 0.2633337 0.3061879 0.2790556 0.1738221 0.0 0.3046604 0.2334318 0.3542171 0.2850063 0.3169243 0.316975 0.2830546 0.2751551 0.286291 0.3191765 0.3535339 0.4457613 0.3285795 0.2161262 0.352281 0.3306983 0.3173065 0.3287703 0.3295638 0.2865063 0.3360301 0.3353482 0.3307654 0.2646432 0.3413499 0.346881 0.328576 0.3288819 0.3179986 0.3274394 0.3246054 0.3228185 0.3193543 0.3449413 0.2746506 0.3541571 0.3566641 0.3020115 0.3249208 0.2246034 0.3191979 0.3032996 0.3287604 0.3283723 0.3278538 0.3306449 0.2659377 0.2679364 0.2809663 0.2820483 0.4601306 0.2724522 0.3133261 0.3156314 0.2897324 0.282862 0.2816215 0.3001404 0.2264109 0.355783 0.2993353 0.3554614 0.356584 0.279591 0.135386 0.2237888 
G000340375 0.3495556 0.2796142 0.2646922 0.2578501 0.2872339 0.3081059 0.2876008 0.2367717 0.1704658 0.293705 0.1711339 0.2809969 0.3462684 0.2978245 0.293838 0.2869625 0.2524657 0.2879767 0.2937605 0.3046604 0.0 0.2962105 0.3259426 0.2802707 0.2957139 0.2949416 0.2835517 0.2839149 0.1871402 0.3231755 0.3532043 0.4286506 0.3365568 0.3442802 0.3808549 0.3138532 0.3632976 0.2582193 0.2931909 0.3022738 0.3495587 0.298483 0.2979976 0.2889252 0.3200967 0.3389279 0.3124194 0.2966154 0.2933693 0.2981993 0.2309817 0.2314538 0.2666486 0.3433661 0.3114191 0.2420479 0.2410153 0.2515927 0.2982564 0.2572664 0.2939653 0.2488587 0.3091189 0.30931 0.2978493 0.3011619 0.2906113 0.2945499 0.2997517 0.2823549 0.4102442 0.2937722 0.3581454 0.3573924 0.2830277 0.2838282 0.282897 0.2217414 0.2824491 0.2416112 0.2216924 0.2410827 0.2411352 0.3029388 0.3036363 0.2824742 
G000371425 0.3622341 0.189426 0.3065772 0.2632799 0.2103157 0.2244815 0.213019 0.3028074 0.2895434 0.0191783 0.2920826 0.2223007 0.3642171 0.3292959 0.0199324 0.1944235 0.2045481 0.2854705 0.2504619 0.2334318 0.2962105 0.0 0.3727195 0.2590178 0.31927 0.3193123 0.2643943 0.228048 0.3042743 0.3386888 0.32953 0.4522889 0.2941275 0.0189776 0.3884931 0.3371322 0.2093428 0.3473606 0.3255759 0.0200798 0.2847951 0.3356273 0.3258321 0.2574632 0.3393319 0.3530415 0.3318544 0.3259576 0.3213966 0.3266818 0.3175544 0.3124215 0.23192 0.3516859 0.2979973 0.3470378 0.2889847 0.211255 0.3272992 0.2827655 0.3228152 0.2894863 0.323471 0.3231463 0.3295416 0.3266101 0.2583941 0.0201784 0.2883813 0.2753479 0.4874901 0.0210712 0.3386934 0.3407977 0.2787426 0.2769885 0.2670524 0.299458 0.2210317 0.3402403 0.2987073 0.2880593 0.2881997 0.0199444 0.2724117 0.2225212 
G000373785 0.3484 0.3274444 0.3263326 0.321738 0.3235509 0.3736775 0.350233 0.3251314 0.3317658 0.3690455 0.3304165 0.3266684 0.4526249 0.3844343 0.3700802 0.3522501 0.3232521 0.1091013 0.3283152 0.3542171 0.3259426 0.3727195 0.0 0.3161061 0.3770749 0.3611198 0.3284535 0.324076 0.3322908 0.3527629 0.3513913 0.3809 0.3331732 0.3785773 0.3722368 0.4264284 0.355455 0.3384404 0.3935616 0.3701042 0.3490383 0.4404755 0.4067531 0.3261143 0.4159741 0.34378 0.3995778 0.383791 0.4128765 0.4087398 0.3186771 0.322828 0.3252367 0.4540656 0.358349 0.3235214 0.3337423 0.3193396 0.3727664 0.3211325 0.4092785 0.3272659 0.3775389 0.385628 0.3937254 0.3837273 0.3257045 0.3701216 0.2495086 0.3459087 0.3769182 0.3704837 0.3263051 0.3302277 0.3398486 0.3459729 0.3260531 0.3285924 0.3216058 0.3332724 0.3231523 0.3339762 0.3351597 0.3697393 0.3533766 0.3392201 
G000384195 0.3591946 0.2529601 0.2938716 0.2878779 0.2317057 0.2689356 0.2673585 0.2854793 0.2785342 0.2740864 0.2834313 0.2438998 0.3652469 0.3136064 0.2760124 0.2660762 0.2724409 0.276874 0.2733539 0.2850063 0.2802707 0.2590178 0.3161061 0.0 0.3045277 0.3049688 0.2428257 0.2041927 0.2683838 0.3052402 0.2924902 0.4173212 0.2720077 0.3096461 0.3570946 0.3333645 0.2970825 0.3168477 0.3087678 0.2869289 0.2829243 0.3207748 0.3108095 0.2731821 0.3283085 0.3466895 0.3153424 0.3091987 0.306412 0.3102281 0.2975394 0.2939793 0.3021848 0.3474393 0.2919091 0.3144596 0.2206275 0.2826568 0.3132258 0.2865782 0.3088438 0.2926856 0.3114522 0.3110584 0.3129655 0.3109831 0.2739139 0.2750738 0.2938881 0.2440276 0.3994833 0.2751124 0.3600536 0.3605552 0.2299253 0.2445933 0.2449659 0.2811467 0.2681588 0.3256251 0.2813639 0.2742349 0.2742223 0.281289 0.2691448 0.1814889 
G000400935 0.3191469 0.297713 0.299315 0.2922724 0.3005863 0.3183846 0.3092222 0.3049084 0.2976626 0.3151413 0.306731 0.2923909 0.3029415 0.1774919 0.3169164 0.3082924 0.3011704 0.2998736 0.3105063 0.3169243 0.2957139 0.31927 0.3770749 0.3045277 0.0 0.0685655 0.3078346 0.301298 0.3228139 0.3497811 0.3861298 0.413944 0.3851436 0.3599695 0.4199902 0.3468198 0.3854266 0.3385399 0.2336174 0.3278272 0.3527273 0.2491784 0.2339966 0.3095278 0.2500832 0.3144192 0.2478433 0.2280301 0.1871018 0.2345043 0.305967 0.3056009 0.3199851 0.3182774 0.3182119 0.3657281 0.3645045 0.2919767 0.1777129 0.2960606 0.1855769 0.3002574 0.2396829 0.2381803 0.1813409 0.2319964 0.3087613 0.3163569 0.3156555 0.3110302 0.36583 0.3167648 0.3818985 0.3809548 0.308666 0.3111084 0.3057853 0.2948691 0.3067138 0.3634537 0.2946028 0.3628809 0.3628644 0.3188954 0.3156356 0.3049931 
G000400955 0.3202878 0.2977886 0.2993715 0.2910179 0.3015087 0.3184348 0.3089845 0.3033797 0.2977593 0.3151886 0.3068097 0.2924793 0.3030481 0.1782244 0.3169615 0.3080563 0.302154 0.2989536 0.3114055 0.316975 0.2949416 0.3193123 0.3611198 0.3049688 0.0685655 0.0 0.3068487 0.3013773 0.3228869 0.3476783 0.3778284 0.4140437 0.3852337 0.3600184 0.4115548 0.3420566 0.3855082 0.3386198 0.2359455 0.3278733 0.3528095 0.249581 0.2344995 0.3104459 0.2493945 0.3134745 0.250502 0.2294793 0.1869184 0.2365052 0.3060454 0.3056793 0.3165813 0.3161074 0.3182703 0.3658068 0.3671522 0.2948229 0.1765554 0.2974751 0.1878365 0.3014915 0.239747 0.2392841 0.1831533 0.23207 0.309673 0.3164028 0.3157254 0.3111007 0.4480215 0.3168101 0.3819748 0.381033 0.3087322 0.3111787 0.3058596 0.2949457 0.3066191 0.3660426 0.29468 0.3654702 0.3654537 0.3189418 0.3156876 0.3053864 
G000403415 0.3740557 0.2431822 0.2959606 0.2945795 0.2360331 0.284683 0.2518562 0.2887992 0.2722385 0.2606196 0.2836797 0.2271079 0.3716443 0.316972 0.2633646 0.2530335 0.2974048 0.2790676 0.2689883 0.2830546 0.2835517 0.2643943 0.3284535 0.2428257 0.3078346 0.3068487 0.0 0.2305116 0.2982661 0.3277584 0.28145 0.3909221 0.2543272 0.2807245 0.3861568 0.3374232 0.2815395 0.3355413 0.3143696 0.2724112 0.2571322 0.3230168 0.3148845 0.2671939 0.3278685 0.3469348 0.3172285 0.3140416 0.3098634 0.3150584 0.3058856 0.3001229 0.3013973 0.3530559 0.2854929 0.3356743 0.3244129 0.2897943 0.3165661 0.2881395 0.3122562 0.2948058 0.320424 0.3196298 0.3173864 0.3161317 0.2677168 0.2593163 0.2918839 0.2357912 0.4324377 0.2629068 0.3388765 0.3391609 0.2465686 0.2276612 0.1532613 0.2822693 0.2629503 0.3218555 0.2836649 0.3210537 0.3214246 0.2688331 0.2827888 0.2467175 
G000420345 0.3385468 0.2349532 0.288256 0.2916113 0.2220646 0.2530288 0.2425132 0.2852605 0.2672021 0.2510869 0.2721142 0.1564243 0.3345783 0.3146944 0.2532938 0.2425365 0.269152 0.2701209 0.2570947 0.2751551 0.2839149 0.228048 0.324076 0.2041927 0.301298 0.3013773 0.2305116 0.0 0.2520046 0.3228463 0.2595289 0.3820591 0.1654975 0.275223 0.3431343 0.3270078 0.2840527 0.3215719 0.3054817 0.2643339 0.1689872 0.3113182 0.3064622 0.2566907 0.3172018 0.3303525 0.3085314 0.3054205 0.304602 0.3062139 0.2996713 0.2931164 0.3011009 0.3339724 0.2853281 0.3251212 0.1941264 0.2656598 0.310682 0.2891433 0.3063297 0.2895645 0.309031 0.3086263 0.3146928 0.3079562 0.2581585 0.2506345 0.2810627 0.2427767 0.4288123 0.2529435 0.3354633 0.3356749 0.2501604 0.2436795 0.2344851 0.2806644 0.1966475 0.3136317 0.280113 0.3332209 0.3337826 0.2610839 0.2538085 0.1968807 
G000425005 0.3926896 0.2853949 0.3135776 0.319035 0.2884241 0.2058092 0.2970152 0.3094944 0.1889053 0.3010551 0.0213435 0.2845763 0.3896166 0.3239132 0.2567215 0.2661822 0.2432782 0.2906862 0.2983772 0.286291 0.1871402 0.3042743 0.3322908 0.2683838 0.3228139 0.3228869 0.2982661 0.2520046 0.0 0.3413798 0.3636977 0.3852007 0.3324129 0.3348256 0.363768 0.3570072 0.3490802 0.3597791 0.3348053 0.3280197 0.3649369 0.3370126 0.334789 0.2997619 0.3428939 0.3665988 0.3420649 0.3321466 0.323467 0.3357757 0.315514 0.3111057 0.3461145 0.3740199 0.2454548 0.3223953 0.2714779 0.2670055 0.3252626 0.2803551 0.3264193 0.3191896 0.3353939 0.3352101 0.3254213 0.3320906 0.2988733 0.3045562 0.3163745 0.3017613 0.4654819 0.3059119 0.3475153 0.3480596 0.3086172 0.3025922 0.2987979 0.2895932 0.2880422 0.3470452 0.2899006 0.3393159 0.3393038 0.317968 0.2056544 0.2633608 
G000433015 0.3811755 0.3118911 0.3251799 0.3278734 0.3255947 0.3278455 0.3315939 0.3291539 0.3317568 0.3347758 0.3589135 0.3100756 0.4461454 0.3674651 0.336455 0.3302217 0.3207022 0.3336337 0.3445489 0.3191765 0.3231755 0.3386888 0.3527629 0.3052402 0.3497811 0.3476783 0.3277584 0.3228463 0.3413798 0.0 0.3489904 0.3946568 0.3693611 0.3447015 0.3082657 0.3088996 0.3716263 0.3582387 0.3939072 0.3490771 0.3800515 0.4031902 0.4003289 0.3429639 0.3993988 0.33808 0.3501022 0.369123 0.3972301 0.3701773 0.3556519 0.3519359 0.3342587 0.3763979 0.3841179 0.356451 0.3339902 0.323241 0.3519458 0.3165204 0.3954173 0.3276889 0.4016482 0.3954755 0.3757908 0.380675 0.35372 0.3359252 0.3525692 0.3491048 0.376173 0.3363113 0.3682499 0.3674037 0.3440393 0.3501784 0.3275811 0.3326516 0.3158229 0.3379163 0.332408 0.3374032 0.3373885 0.3576344 0.3262381 0.3131577 
G000434355 0.4084722 0.3086429 0.3415511 0.3494547 0.2109867 0.3538275 0.3151008 0.3342725 0.3446053 0.3273543 0.3708321 0.2615921 0.4067662 0.4337732 0.3287896 0.3136658 0.3730725 0.3482495 0.3172288 0.3535339 0.3532043 0.32953 0.3513913 0.2924902 0.3861298 0.3778284 0.28145 0.2595289 0.3636977 0.3489904 0.0 0.38435 0.2598002 0.3292274 0.3444284 0.4233345 0.3239543 0.3407351 0.4259004 0.3306788 0.2649941 0.4030019 0.4484686 0.3190252 0.3365 0.35063 0.4308346 0.3853073 0.3950394 0.4120049 0.3657531 0.371923 0.3393523 0.4419344 0.4069527 0.3649235 0.3379006 0.3288621 0.3829076 0.3569203 0.3980568 0.3401689 0.4497234 0.4490115 0.441351 0.393213 0.3194263 0.3284599 0.3319333 0.3086243 0.3808593 0.3267251 0.3711425 0.37034 0.2960715 0.3086916 0.2764902 0.3583512 0.3190362 0.3401981 0.3722795 0.3375628 0.3375488 0.3277078 0.3526502 0.3002479 
G000434395 0.3727 0.3963544 0.4415528 0.412366 0.3973366 0.4460783 0.4407775 0.4279893 0.3828547 0.4481769 0.3823847 0.3891841 0.37881 0.4158059 0.449941 0.4398713 0.4460059 0.4083984 0.4356582 0.4457613 0.4286506 0.4522889 0.3809 0.4173212 0.413944 0.4140437 0.3909221 0.3820591 0.3852007 0.3946568 0.38435 0.0 0.4081405 0.39216 0.3818032 0.3667584 0.38543 0.4412013 0.3896053 0.4493649 0.4107464 0.4112907 0.4147517 0.4340123 0.381713 0.3685 0.3806028 0.3829117 0.414464 0.4135015 0.4302151 0.430214 0.4587833 0.37217 0.4165092 0.40519 0.48819 0.4293414 0.4161515 0.438154 0.4177049 0.4439684 0.416066 0.4153206 0.4163656 0.3794168 0.4335405 0.4493844 0.4257545 0.3989163 0.35634 0.4497901 0.3672 0.36732 0.3957439 0.3989898 0.3952084 0.4308522 0.4107656 0.4879687 0.430599 0.40456 0.40469 0.4489557 0.4448062 0.4007589 
G000434715 0.5062894 0.2649361 0.3117746 0.3060063 0.2139005 0.3278982 0.2746618 0.3178708 0.3307758 0.2889002 0.3356506 0.0194297 0.3943777 0.3926481 0.2912739 0.2732824 0.3243743 0.3245022 0.2925755 0.3285795 0.3365568 0.2941275 0.3331732 0.2720077 0.3851436 0.3852337 0.2543272 0.1654975 0.3324129 0.3693611 0.2598002 0.4081405 0.0 0.2861889 0.3709194 0.4240611 0.272171 0.3405525 0.3741642 0.2644077 0.0136366 0.3907207 0.3896487 0.2942147 0.4031803 0.5004493 0.3580823 0.3843847 0.3790543 0.3865827 0.3205679 0.3247048 0.3189095 0.4246195 0.3422057 0.3259579 0.3339437 0.3159395 0.3929625 0.3290793 0.3777266 0.3269592 0.3736587 0.379827 0.3873361 0.3860687 0.2953705 0.2899754 0.3405697 0.2743974 0.3937596 0.2902151 0.3560365 0.3582761 0.2796025 0.2749832 0.2551855 0.3237579 0.2722853 0.3343634 0.3266299 0.333577 0.3344945 0.2897158 0.3236403 0.2718661 
G000435955 0.4044524 0.2272328 0.3468281 0.3267397 0.2667555 0.2957083 0.2214595 0.341002 0.3242131 0.0056848 0.3328107 0.2090518 0.4189833 0.3711367 0.0045032 0.1953783 0.2204234 0.3137451 0.2121684 0.2161262 0.3442802 0.0189776 0.3785773 0.3096461 0.3599695 0.3600184 0.2807245 0.275223 0.3348256 0.3447015 0.3292274 0.39216 0.2861889 0.0 0.3888615 0.3708217 0.2479767 0.3731938 0.3781521 0.0067772 0.300195 0.376151 0.3778387 0.2756284 0.3735887 0.385033 0.3730382 0.3779842 0.3698163 0.378853 0.3457059 0.3343225 0.3550121 0.369194 0.3324222 0.3589906 0.3495856 0.2989809 0.3693924 0.3382726 0.3714531 0.3280306 0.3669375 0.3665635 0.3714195 0.3779463 0.2297781 0.0067128 0.3092754 0.3058936 0.4824684 0.0135442 0.3392442 0.341632 0.3047214 0.3087115 0.2850127 0.3332495 0.2825407 0.3491638 0.3335109 0.3479791 0.3488485 0.0059932 0.2961963 0.2680446 
G000437235 0.4109037 0.3568523 0.3718898 0.3776465 0.3577099 0.3533593 0.3821966 0.3727263 0.3401575 0.3845783 0.3603364 0.3701815 0.4751909 0.4032529 0.3909213 0.3794081 0.3588222 0.3628305 0.3723402 0.352281 0.3808549 0.3884931 0.3722368 0.3570946 0.4199902 0.4115548 0.3861568 0.3431343 0.363768 0.3082657 0.3444284 0.3818032 0.3709194 0.3888615 0.0 0.2436757 0.4226454 0.3835434 0.4308585 0.3857086 0.4416301 0.34175 0.4475109 0.3802014 0.4113454 0.4709667 0.4298356 0.4025234 0.4204913 0.33909 0.375275 0.3798293 0.3739615 0.36062 0.4292832 0.3806087 0.3846313 0.3572175 0.3934129 0.3838894 0.4191047 0.3780452 0.4035018 0.426443 0.3874786 0.4124412 0.3797517 0.3857272 0.4003127 0.4350049 0.3161519 0.3907773 0.353635 0.3528246 0.3951025 0.4350776 0.3739434 0.3780853 0.4070039 0.3819978 0.3827018 0.3770674 0.3770529 0.3853193 0.3513864 0.3737108 
G000437395 0.3629155 0.3181742 0.3156928 0.3262182 0.3243878 0.331844 0.3267664 0.3305356 0.3166167 0.3333439 0.330582 0.3192865 0.359421 0.3498435 0.334968 0.3259371 0.3210174 0.3164087 0.3271009 0.3306983 0.3138532 0.3371322 0.4264284 0.3333645 0.3468198 0.3420566 0.3374232 0.3270078 0.3570072 0.3088996 0.4233345 0.3667584 0.4240611 0.3708217 0.2436757 0.0 0.5135998 0.3688869 0.3310588 0.3548545 0.4310989 0.3244672 0.3404972 0.325389 0.3275098 0.3513343 0.3162569 0.3362434 0.3499886 0.335319 0.3538951 0.3505198 0.3349315 0.3567519 0.3391037 0.3849804 0.3920145 0.3173709 0.3451335 0.3188208 0.3529578 0.3262143 0.3362416 0.3364959 0.3517291 0.3366498 0.3311731 0.3344553 0.334814 0.3323237 0.3403068 0.3341928 0.3709981 0.3840917 0.3314534 0.3374757 0.3377783 0.3175059 0.3156609 0.3875336 0.3168542 0.3928536 0.3928392 0.3567969 0.3298214 0.3280347 
G000437615 0.35188 0.010662 0.3268833 0.3096511 0.265155 0.3042966 0.2375315 0.3374766 0.3683788 0.2477787 0.3724622 0.2769786 0.4807758 0.3922328 0.2488371 0.2351532 0.3506077 0.3519289 0.2955747 0.3173065 0.3632976 0.2093428 0.355455 0.2970825 0.3854266 0.3855082 0.2815395 0.2840527 0.3490802 0.3716263 0.3239543 0.38543 0.272171 0.2479767 0.4226454 0.5135998 0.0 0.3351026 0.3924817 0.2491503 0.2791716 0.4048525 0.3933017 0.2952729 0.406936 0.34728 0.3936606 0.3897599 0.3972748 0.3987801 0.3358489 0.3375147 0.3458674 0.4549915 0.3503448 0.3425444 0.3624559 0.3042475 0.3925189 0.3431847 0.3999664 0.3680741 0.3906045 0.3937712 0.3874189 0.3934794 0.2946382 0.2478235 0.3530138 0.3080534 0.39346 0.2481797 0.4024102 0.4078446 0.3152141 0.3078399 0.2849633 0.343563 0.2789023 0.3655181 0.3378349 0.3637327 0.3637197 0.2484096 0.3197681 0.2627399 
G000437715 0.4097288 0.3175676 0.2783078 0.2728643 0.3048725 0.3468156 0.3295193 0.0445183 0.3190755 0.344862 0.3151871 0.2577779 0.4145811 0.3610063 0.3480927 0.3187022 0.2665548 0.3075336 0.3224564 0.3287703 0.2582193 0.3473606 0.3384404 0.3168477 0.3385399 0.3386198 0.3355413 0.3215719 0.3597791 0.3582387 0.3407351 0.4412013 0.3405525 0.3731938 0.3835434 0.3688869 0.3351026 0.0 0.3482631 0.3384365 0.3283403 0.3616471 0.3490657 0.3268552 0.3489221 0.4187206 0.3492526 0.3437688 0.3448757 0.3599567 0.2302733 0.2287705 0.2825087 0.4236476 0.3437401 0.2273223 0.2010171 0.2392678 0.3478826 0.2835137 0.3474999 0.2662451 0.3581148 0.3614301 0.3614627 0.364613 0.3278132 0.3382294 0.3238841 0.3313741 0.4195931 0.3457179 0.36259 0.36254 0.3233027 0.3288857 0.3466413 0.2259196 0.3049102 0.2077778 0.2258915 0.2071101 0.207098 0.3436571 0.3411274 0.3170585 
G000439435 0.319297 0.3052373 0.3039069 0.2970777 0.3086242 0.330812 0.3163236 0.3044897 0.3108644 0.3214258 0.3134044 0.2970896 0.3005144 0.2378213 0.3232103 0.3153881 0.3056575 0.3083229 0.3190353 0.3295638 0.2931909 0.3255759 0.3935616 0.3087678 0.2336174 0.2359455 0.3143696 0.3054817 0.3348053 0.3939072 0.4259004 0.3896053 0.3741642 0.3781521 0.4308585 0.3310588 0.3924817 0.3482631 0.0 0.3341628 0.3480544 0.2275378 0.184768 0.3176983 0.2231157 0.3114098 0.2217155 0.1760756 0.236011 0.2055953 0.3105159 0.3113614 0.3343381 0.3125092 0.3313576 0.3916092 0.3849298 0.2964005 0.2383739 0.2997927 0.2367801 0.3045342 0.1878226 0.1844741 0.239003 0.1677606 0.3168556 0.3226479 0.3230933 0.313045 0.4476561 0.3230579 0.4280143 0.4270455 0.3184715 0.3131236 0.3148641 0.2960679 0.308259 0.3805868 0.2963525 0.3800072 0.3799905 0.3287247 0.3272434 0.3091191 
G000450985 0.3696445 0.2217502 0.3151513 0.2604441 0.2053495 0.2864518 0.2194574 0.3124841 0.3085656 0.0059421 0.3117093 0.1921345 0.3822213 0.3393447 0.0074115 0.1745046 0.1832269 0.3015038 0.2249284 0.2865063 0.3022738 0.0200798 0.3701042 0.2869289 0.3278272 0.3278733 0.2724112 0.2643339 0.3280197 0.3490771 0.3306788 0.4493649 0.2644077 0.0067772 0.3857086 0.3548545 0.2491503 0.3384365 0.3341628 0.0 0.2919133 0.34144 0.3343927 0.2680797 0.3490443 0.3623131 0.3485235 0.3345292 0.3309245 0.3347559 0.3197979 0.3182257 0.2224134 0.36616 0.3125355 0.344782 0.3414596 0.2129659 0.3387276 0.3096052 0.3324651 0.2976215 0.3336419 0.333289 0.3396117 0.3354373 0.2281822 0.006486 0.3041478 0.2856371 0.4842388 0.0139036 0.3372686 0.3394162 0.2868229 0.2861674 0.2738492 0.3080809 0.2229983 0.3384589 0.3073776 0.3401342 0.3408069 0.0062153 0.2858477 0.2573944 
G000469305 0.5091653 0.1955088 0.3357683 0.3132495 0.2253063 0.3505947 0.2810629 0.3335851 0.3686094 0.2924162 0.3653342 0.0207867 0.397213 0.3563888 0.2933531 0.2743812 0.1782394 0.3377722 0.311032 0.3360301 0.3495587 0.2847951 0.3490383 0.2829243 0.3527273 0.3528095 0.2571322 0.1689872 0.3649369 0.3800515 0.2649941 0.4107464 0.0136366 0.300195 0.4416301 0.4310989 0.2791716 0.3283403 0.3480544 0.2919133 0.0 0.3792891 0.3547944 0.3157316 0.3879592 0.4491076 0.3545599 0.352953 0.3560136 0.3559707 0.3436418 0.342829 0.3187579 0.4188268 0.370323 0.3443387 0.2738952 0.3083448 0.3566758 0.3285411 0.3565402 0.3402263 0.3538002 0.355265 0.3547301 0.3535714 0.3170695 0.2932592 0.3463495 0.2876755 0.396812 0.2927794 0.3738365 0.3778422 0.2881617 0.287817 0.267238 0.3441821 0.1900629 0.2753628 0.3456478 0.2687546 0.2687419 0.2950167 0.3431946 0.2408945 
G000483165 0.3376487 0.3107094 0.3027808 0.2948449 0.3087242 0.3356845 0.3268476 0.3100251 0.3069225 0.3313326 0.3201801 0.302299 0.3230971 0.2544494 0.333181 0.3246278 0.3106527 0.3128312 0.3288802 0.3353482 0.298483 0.3356273 0.4404755 0.3207748 0.2491784 0.249581 0.3230168 0.3113182 0.3370126 0.4031902 0.4030019 0.4112907 0.3907207 0.376151 0.34175 0.3244672 0.4048525 0.3616471 0.2275378 0.34144 0.3792891 0.0 0.2272055 0.3273592 0.199104 0.3196357 0.1979249 0.2197268 0.2528115 0.2156688 0.3065571 0.307557 0.3449418 0.3152215 0.3322065 0.4426692 0.3877654 0.2956733 0.256961 0.3024503 0.2550787 0.3059747 0.2317324 0.2291825 0.255665 0.226416 0.326852 0.3325988 0.3276895 0.3214821 0.4603009 0.3323362 0.34606 0.3462 0.324952 0.3215648 0.3183258 0.3006216 0.3148337 0.3829008 0.3008344 0.3822919 0.3822744 0.3376298 0.3343332 0.3195439 
G000500935 0.316706 0.3059962 0.3072145 0.2981716 0.3095009 0.3320276 0.316726 0.3052901 0.3110594 0.3217322 0.3137424 0.299135 0.3089845 0.2346619 0.3234944 0.3158052 0.308319 0.3077017 0.318516 0.3307654 0.2979976 0.3258321 0.4067531 0.3108095 0.2339966 0.2344995 0.3148845 0.3064622 0.334789 0.4003289 0.4484686 0.4147517 0.3896487 0.3778387 0.4475109 0.3404972 0.3933017 0.3490657 0.184768 0.3343927 0.3547944 0.2272055 0.0 0.3189758 0.2272097 0.317259 0.2279459 0.1828349 0.2318217 0.2067964 0.3123639 0.3132354 0.3364712 0.3215299 0.3319464 0.3943462 0.3995621 0.29794 0.2366497 0.3009126 0.2344592 0.3081829 0.1745281 0.1961497 0.2358568 0.1875173 0.3181329 0.3229389 0.3240598 0.3147729 0.37429 0.3233439 0.4287952 0.4278458 0.3189181 0.3148501 0.3153877 0.2975266 0.3087747 0.3934923 0.2978277 0.3929204 0.392904 0.3289889 0.3286568 0.3100081 
G000508965 0.3531714 0.2437868 0.2963223 0.3055636 0.2592066 0.2649587 0.254889 0.29692 0.2760508 0.2539009 0.2777638 0.2528684 0.3535041 0.3212515 0.2564815 0.153154 0.2979081 0.2699036 0.059679 0.2646432 0.2889252 0.2574632 0.3261143 0.2731821 0.3095278 0.3104459 0.2671939 0.2566907 0.2997619 0.3429639 0.3190252 0.4340123 0.2942147 0.2756284 0.3802014 0.325389 0.2952729 0.3268552 0.3176983 0.2680797 0.3157316 0.3273592 0.3189758 0.0 0.3317898 0.3423982 0.3223057 0.3198771 0.311563 0.3192065 0.3234733 0.3206379 0.1723004 0.343565 0.2851423 0.352626 0.3488466 0.2912608 0.3179817 0.2920785 0.3130966 0.2964514 0.3167362 0.3151578 0.321569 0.3194636 0.0105827 0.2548362 0.2802676 0.2701037 0.37991 0.2559759 0.3401601 0.3396115 0.2718681 0.2709218 0.2665787 0.2960693 0.2347799 0.3487075 0.2954379 0.3446305 0.3452169 0.2641937 0.2636491 0.2602945 
G000518285 0.3340614 0.3162319 0.3159136 0.3037852 0.3195162 0.3416757 0.3326073 0.3285247 0.3067375 0.3351595 0.3196607 0.3083569 0.3295181 0.2586646 0.3369535 0.3316659 0.3249531 0.3180094 0.3342949 0.3413499 0.3200967 0.3393319 0.4159741 0.3283085 0.2500832 0.2493945 0.3278685 0.3172018 0.3428939 0.3993988 0.3365 0.381713 0.4031803 0.3735887 0.4113454 0.3275098 0.406936 0.3489221 0.2231157 0.3490443 0.3879592 0.199104 0.2272097 0.3317898 0.0 0.3132071 0.1484185 0.2243324 0.2549394 0.2194537 0.3290311 0.3290299 0.3375285 0.3065264 0.3354894 0.3880672 0.4480385 0.3108188 0.2607025 0.3178822 0.2556486 0.3198219 0.2308994 0.2276061 0.2611399 0.2209897 0.3313006 0.3363881 0.3288365 0.3284283 0.4280011 0.3360613 0.4661572 0.4651711 0.3297958 0.3285074 0.3296398 0.3156985 0.3199594 0.4296228 0.315429 0.4290301 0.429013 0.341885 0.3403673 0.3259314 
G000518305 0.2572423 0.3303007 0.3447052 0.3400354 0.3277202 0.3476037 0.3400127 0.3400825 0.3213507 0.3487005 0.3295793 0.3255893 0.253959 0.3270892 0.350569 0.3390255 0.3542848 0.3238403 0.3441795 0.346881 0.3389279 0.3530415 0.34378 0.3466895 0.3144192 0.3134745 0.3469348 0.3303525 0.3665988 0.33808 0.35063 0.3685 0.5004493 0.385033 0.4709667 0.3513343 0.34728 0.4187206 0.3114098 0.3623131 0.4491076 0.3196357 0.317259 0.3423982 0.3132071 0.0 0.3121704 0.3187732 0.3172899 0.3107668 0.3772216 0.3772203 0.3522382 0.2254559 0.3410351 0.4354312 0.4389112 0.3419998 0.3193403 0.3481362 0.3223806 0.3494111 0.3196237 0.3150305 0.327768 0.3122275 0.3418857 0.3499804 0.3315017 0.3401717 0.38303 0.3504095 0.4173699 0.4163517 0.3541531 0.3402555 0.3466175 0.3394594 0.3353949 0.4386578 0.3372802 0.4380294 0.4380114 0.3797806 0.3462408 0.3350221 
