86
G000011225 0.0 0.34778446488210485 0.3425945613033778 0.34181293313113664 0.3422078875771908 0.3484743321933036 0.34182933670963395 0.349017242278824 0.3247757670491007 0.35818954872380626 0.3415486463633337 0.33693904546840847 0.2099710262205791 0.335066854072241 0.35992628546869143 0.34271786204405774 0.35142950100196996 0.3423360897255775 0.3552624060019727 0.34889575424254565 0.34955555083645595 0.36223409212409635 5.0 0.3591945949302715 0.31914687884368187 0.320287760987212 0.37405569275021694 0.3385468017088403 0.3926896096272434 0.3811754768686345 0.4084721506536665 5.0 0.5062894396013375 0.4044523965769798 0.41090366499720693 0.36291546528996593 5.0 0.40972879704870063 0.3192970331527655 0.3696445200605043 0.5091652689349238 0.33764874008994195 0.3167059991616528 0.35317143402382767 0.3340613799815061 0.25724225022625713 0.33449133410995474 0.3199251683285681 0.32767497013513114 0.3312275219502445 0.38821766393334073 0.38821654500824443 0.35016724216234946 0.2635734206706519 0.3442710222843412 0.4247781202836086 0.44349229284204345 0.34307495765465656 0.332052347503018 0.3469586120339204 0.3293070917177318 0.3498174711574739 0.32234477783174925 0.31153028460955207 0.34286945294217575 0.31951140440369075 0.35270222551708885 0.359378548377041 0.34584094501216905 0.3537221781786935 5.0 0.35977781180479795 0.4261622623342919 0.4252602011743056 0.366604639708674 0.353797090654537 0.3712419115858765 0.3452247646542661 0.33888214832580227 0.45034553833601226 0.3449704666463641 0.43159254754188936 0.431576587317707 0.39242663400343547 0.34722274177043894 0.3367489452574151
G000154285 0.34778446488210485 0.0 0.25166894290182756 0.27442422523350724 0.21875061747679983 0.1764397865253642 0.19999838103612055 0.28605932848963833 0.2666024383260508 0.21109434735665722 0.27010609257718715 0.14168486498994975 0.343807546482823 0.3076869379270947 0.1929831345436403 0.20352709128645352 0.25356683554779436 0.26407780085417143 0.22176118870592054 0.25947187176423125 0.27961420409390786 0.18942600425187484 0.3274444392490261 0.25296011151920794 0.2977129853865607 0.2977885533240717 0.24318220277739178 0.23495324163480202 0.28539492115283505 0.31189106756743995 0.30864290453992926 0.39635436428079873 0.26493610998888784 0.22723281655232677 0.3568523462236338 0.3181741574865066 0.010662015304925623 0.317567568998703 0.30523725406274227 0.22175022107896103 0.1955087825488846 0.31070936497835633 0.30599618652812005 0.24378675505723085 0.31623187349757564 0.330300739321822 0.30869440867893344 0.30587095095434447 0.29939792453896014 0.30628841333919443 0.2911086501611282 0.29259259798914594 0.2965144430924126 0.33165590959385594 0.280096497978101 0.31700891414949073 0.32930420982497266 0.2788335539356477 0.30586558449241175 0.2816984895088372 0.30188016804984613 0.28911411047986485 0.3052967365755528 0.305228789448687 0.30758372750044066 0.306866145731167 0.24845032685922264 0.15802042341202285 0.2732404426160661 0.2552793604814488 0.4307099366692574 0.21293958379928873 0.3417168346927303 0.3471851328213343 0.26252967667815674 0.25694983714203623 0.2458640483132795 0.2804046678319413 0.17317021725277698 0.3301143812991106 0.2796788554718209 0.3291844770286142 0.3296680622082736 0.21988297739714555 0.2598898145662238 0.1719028246442052
G000154485 0.3425945613033778 0.25166894290182756 0.0 0.17609377206737245 0.2800346749918303 0.3070713956891753 0.29511850117183225 0.2550613985958632 0.29513322836074884 0.3039830690853797 0.2987215764451192 0.28372650507420766 0.34839803869162683 0.3052070017264538 0.3043674696808563 0.2942407815031439 0.2268076440225511 0.2792155363468597 0.29483577303128006 0.30317469363135324 0.2646922240892436 0.3065772258882706 0.3263326281100739 0.29387160594989237 0.2993149755312842 0.29937150517727856 0.29596060735243623 0.28825601171481474 0.3135776474147319 0.32517994269216377 0.3415511121475759 0.44155281715806316 0.31177455784621827 0.34682808791463765 0.371889753336602 0.31569277311854593 0.3268832948333571 0.27830783695847205 0.30390687962839147 0.31515128682429533 0.3357682793929611 0.3027807998573011 0.3072144852706607 0.29632231548357496 0.315913586681428 0.34470517379030585 0.3088687990142536 0.3042666803114233 0.29768188574193744 0.3014544945256398 0.26604248520896007 0.2636798082909383 0.16892113459022284 0.34654011445123234 0.31162227800967657 0.2827709549481938 0.29128789408421496 0.2075911342216131 0.3049065054885185 0.2384190770259264 0.2976263010414916 0.2183896589293421 0.3168559828738605 0.3129478366998899 0.30465976386740695 0.30957638794789244 0.2965332617070955 0.30484595876142384 0.295918010601925 0.3030463028855116 0.47543414898403163 0.30513725875771563 0.38296533477138806 0.3860683465139242 0.305513068459116 0.30473350234410995 0.2992845334250983 0.2536418169766693 0.2665589299955349 0.2921793923295386 0.25253920828318155 0.28987126968106447 0.2898614545784919 0.31585899524913247 0.30227940564882805 0.2876693709197627
G000154805 0.34181293313113664 0.27442422523350724 0.17609377206737245 0.0 0.27880654032914404 0.30684862491644865 0.2983526946490609 0.25032648626550513 0.28800985410453844 0.24246329445510212 0.29469969031134763 0.25267845561078933 0.33727717063538354 0.2961555416787269 0.24977604908352843 0.2681365216321495 0.2054420940801943 0.28171922482364886 0.3062875487192726 0.3033250235464874 0.2578501124613193 0.2632799263908452 0.3217379703967746 0.2878778843775988 0.29227238432438163 0.2910179366120074 0.2945795342396652 0.29161130589468526 0.3190350197587692 0.32787336381881693 0.34945467103337885 0.41236597750505205 0.3060062910496648 0.3267396641990874 0.37764650852021076 0.32621820139575664 0.3096511432932047 0.2728642756742255 0.2970776638342132 0.26044408392717255 0.3132495389541811 0.2948448776642594 0.2981716052533827 0.3055635506333564 0.3037851821960245 0.3400354314071821 0.30853817758107555 0.29760252454634917 0.2924143965009745 0.2978157134769972 0.26044651401857805 0.26203064876068816 0.1599251249903899 0.3388617209218643 0.30912205626948086 0.28162058570439463 0.2868708660612601 0.2000826856844813 0.29943026627847524 0.23601882494056411 0.2918249067807342 0.22242565037698514 0.3081316515907767 0.3070969163922956 0.2952485964969776 0.301607280119687 0.30440583731921833 0.24588526577930298 0.2937151056629943 0.2970791093754158 0.4824990064163951 0.23895045364841389 0.37571962444927404 0.3795685604502558 0.30647780243763484 0.2971360760901328 0.2991945880279087 0.2526121993540177 0.24164901106846315 0.2869195711097156 0.25163835316434346 0.28924054906901153 0.28922895199918575 0.2495222603893306 0.30247616176131487 0.2784078346384671
G000156655 0.3422078875771908 0.21875061747679983 0.2800346749918303 0.27880654032914404 0.0 0.2781604960951152 0.24423565230368688 0.2094146235374243 0.27023054132249136 0.22417055165559496 0.20300139449324922 0.15424546285215912 0.34305340282517355 0.31060259039931154 0.20020220055677945 0.1996976730457089 0.2026450991441466 0.26891896585298053 0.24141003080729892 0.2777850335667974 0.28723390805010063 0.21031571775764799 0.3235509240521047 0.23170571859495454 0.3005862566991095 0.3015086705646223 0.2360331154093689 0.22206456220925996 0.2884240827191077 0.3255947051049817 0.21098666468664873 0.3973366004528909 0.21390045150816184 0.2667554720535925 0.3577099157377674 0.32438776019965104 0.26515499830591754 0.3048725469472151 0.3086241725906537 0.20534949923261997 0.2253063392876309 0.308724246429918 0.30950091530757873 0.25920656417969434 0.3195161724996313 0.32772022221288194 0.31160338844951035 0.30730403464939426 0.3031214609278192 0.30934090082239807 0.28185195346456604 0.2668941206227801 0.2178180806657739 0.3335259478717648 0.28380662410000257 0.27026603165346447 0.25615238134676416 0.20820415446821092 0.30961434348503936 0.28355921958863534 0.3051195958383399 0.2819147116099677 0.31151174670911497 0.31153636207516344 0.3094216422477294 0.3109170706465771 0.26008308066009944 0.20674291444156756 0.2817932351833467 0.2481305493586775 0.3826125770433008 0.20887287570395713 0.3497826652459665 0.34911833298137607 0.25663380072141534 0.24900897267580363 0.2370277160865082 0.27894727231240124 0.2533515956175626 0.2665532812693077 0.25811055800507854 0.2525757943371853 0.2525912885902985 0.22634672643343973 0.2761652164766145 0.23655696128489773
G000157995 0.3484743321933036 0.1764397865253642 0.3070713956891753 0.30684862491644865 0.2781604960951152 0.0 0.26636420912644154 0.3060050808315886 0.27471472735270663 0.27028981040824307 0.2776802460948417 0.2050723881637194 0.35134161245074147 0.32872442196641916 0.26841924813251244 0.1831762303919527 0.26011491084099153 0.27982692526965935 0.2663991109823101 0.12546099508931516 0.3081058771051316 0.22448147927430168 0.3736775382835842 0.2689356490470468 0.3183845826634899 0.3184348271924284 0.28468296243349944 0.2530288350074411 0.20580923085352448 0.327845538991547 0.35382745550499634 0.4460783395653809 0.32789823634654736 0.2957083086548717 0.3533592705379812 0.33184399357066036 0.3042965928066921 0.34681557646907657 0.3308120054068221 0.2864517678120423 0.35059471576881396 0.3356844615301251 0.33202757968583957 0.26495869192731447 0.3416756624674972 0.3476037125562287 0.328904964937056 0.330090317632733 0.31897926276254024 0.32930737330009063 0.33143196328909486 0.3294878646876635 0.32522309579444925 0.34426767753238485 0.2741571114320736 0.3710636757344439 0.2838154054672148 0.30517869770075784 0.3260175923862807 0.2873062395479448 0.3201558602484556 0.3056955026844955 0.3299483829138419 0.32956337918806494 0.329014697112119 0.33190005484337015 0.26631244220139694 0.2169114556028648 0.2838335434090208 0.28126687946026446 0.46048378906976106 0.27179852149565253 0.3152718127423314 0.31719042065723885 0.29119425083954353 0.2820108367681472 0.284236088956328 0.303356686437325 0.18704121145881275 0.3709759217506957 0.30276296159566474 0.37065430841390395 0.3723596474643054 0.28089679639549814 0.05864966400252028 0.2220464172219362
G000163515 0.34182933670963395 0.19999838103612055 0.29511850117183225 0.2983526946490609 0.24423565230368688 0.26636420912644154 0.0 0.2819845136150143 0.2795851744821306 0.19937431600189826 0.281569104155038 0.21084799185866931 0.3447767126284803 0.3186368552492739 0.2128708950001666 0.016297363087109783 0.29939309200773334 0.2782639160553738 0.25592159702440515 0.26743645799147353 0.2876008086642986 0.21301902673340045 0.35023299143534076 0.26735847634546794 0.3092221684930047 0.3089844921570209 0.25185622988242845 0.24251319381329806 0.29701518341241084 0.33159390321019194 0.31510077459839847 0.44077751596954096 0.27466176678603055 0.2214595056071982 0.3821966437525849 0.3267663505186281 0.23753152059146398 0.32951925202228993 0.31632364272369934 0.21945742413599106 0.28106287470908964 0.32684755232822066 0.3167259569427153 0.25488903159208054 0.3326072772440471 0.34001269445443055 0.3229228058772044 0.31513454773663985 0.31214288798343964 0.3174701680246721 0.3041922718683278 0.30314887364872056 0.3185906733154314 0.34350761779431904 0.28770537030505505 0.3344615546828438 0.34188884501344213 0.29373583853550067 0.31755468006381254 0.2922010593569765 0.3139099731382369 0.23885474695032555 0.31750373806264265 0.3144483708345881 0.3187835702954628 0.31758288988033345 0.2559905019581289 0.1847653121301031 0.28377720908610343 0.26391211125008895 0.4905819079044206 0.21310043439839432 0.32831499783600276 0.33174723063018424 0.2723273305178936 0.26595117183477546 0.25440242359757903 0.2878559630128834 0.17556882021191056 0.34090883143288875 0.28795950327164044 0.3405524698087505 0.341097114216306 0.21609757762070247 0.19411414509127312 0.18745316309169202
G000173795 0.349017242278824 0.28605932848963833 0.2550613985958632 0.25032648626550513 0.2094146235374243 0.3060050808315886 0.2819845136150143 0.0 0.2854441711713327 0.302882684876258 0.2889750468312462 0.2821653077047612 0.35023525789878773 0.30858862668372894 0.3048772592446057 0.29397811321106426 0.248718042472086 0.2844091172766581 0.29685922598090864 0.30360874677330724 0.23677169732015985 0.302807409543454 0.3251313901953914 0.2854793412514486 0.3049084246930541 0.30337973967516957 0.28879921679065745 0.2852604719263007 0.30949440257272964 0.3291539129292466 0.3342724667849041 0.4279893308078379 0.31787081657322025 0.3410020438640462 0.37272628919594863 0.33053561944629395 0.3374765935849932 0.04451828382696818 0.30448966377304787 0.3124840745125289 0.33358514040508125 0.31002514391863223 0.30529007773236927 0.29692003633289865 0.32852467015477754 0.3400825192221684 0.3217311834945916 0.30548178596708747 0.3018583195613884 0.30613296498746506 0.22131696524862982 0.21313363453512607 0.26752955672520096 0.3465983848828194 0.3082170703196041 0.2202776579817981 0.2146589495945489 0.23014980452576322 0.3071128416572525 0.2545578930918854 0.3012825531097222 0.24550732229910827 0.3169309309211334 0.3176515289084917 0.30786617034839425 0.3099912827826463 0.298776678519802 0.293189372779869 0.29780850569914313 0.2901022884377744 0.38968187262629617 0.3059691027949566 0.4163023941755637 0.41565138868835183 0.301996924584856 0.2909665577933039 0.2937484110467118 0.21384668603335624 0.28101394810616825 0.22100096297142516 0.21624151510273332 0.21743138310108034 0.21747637632155017 0.3162615155693133 0.3048564561347942 0.28197876914695275
G000177375 0.3247757670491007 0.2666024383260508 0.29513322836074884 0.28800985410453844 0.27023054132249136 0.27471472735270663 0.2795851744821306 0.2854441711713327 0.0 0.28569538697968955 0.16439027716780183 0.2671107086685486 0.3270876453505698 0.30684675368630554 0.2862476582669866 0.27891375011423614 0.2975603118521016 0.26742101555413617 0.2769330722785694 0.2737433194315055 0.17046584190383107 0.28954343454187276 0.3317657839369805 0.27853415897451134 0.2976626151618404 0.2977593414415718 0.27223851708598323 0.26720208475578583 0.18890531124830234 0.3317567673259539 0.3446053034016948 0.38285467919050364 0.3307757636451966 0.3242130777175157 0.3401575436248804 0.31661672554550846 0.36837876166083 0.31907550137909224 0.31086443939550734 0.30856555807269404 0.3686093902272047 0.3069224703285882 0.3110594454782302 0.2760507898984056 0.3067374888064019 0.3213506965108963 0.30563907031362975 0.3070022712021371 0.30020477289870057 0.3119512101785944 0.3077619128646131 0.30108528173944893 0.30039799825725255 0.32641045239562977 0.23632362276431787 0.30837625668192975 0.3468997153897626 0.2867274952483035 0.30146163323008957 0.28780145028151427 0.30296613245189635 0.29085875322469856 0.31364592600634295 0.31110461818209856 0.3080615737944063 0.31025831594738035 0.2766551268627584 0.28682596761596385 0.2773824082794298 0.2798625243462729 0.4156824835400694 0.28685491040821515 0.3567859050606928 0.35791128399271066 0.2943367890830608 0.28044250840966556 0.2756324423551956 0.2429675485026867 0.26872086520672434 0.3471613633387154 0.24273126267358588 0.3466418477521429 0.3466269255860555 0.3023050087604699 0.27294096428234177 0.27236061467876166
G000183585 0.35818954872380626 0.21109434735665722 0.3039830690853797 0.24246329445510212 0.22417055165559496 0.27028981040824307 0.19937431600189826 0.302882684876258 0.28569538697968955 0.0 0.28858327218426805 0.18679349333612186 0.35865187321560105 0.3252433793781616 0.006772924424499725 0.1787278928216734 0.18414061963441186 0.28192830748367986 0.2440591515464699 0.2700416133224939 0.2937050041835636 0.01917832053170425 0.36904547883872096 0.2740863918712142 0.3151412609719399 0.3151885999689473 0.26061962840488667 0.25108689163092945 0.3010550720986829 0.33477579339679886 0.32735433129295377 0.4481768843482903 0.28890018069859574 0.00568477170062915 0.3845782526353124 0.33334386966345453 0.2477787025137223 0.3448620255309607 0.32142584670111074 0.005942098576948392 0.29241620733729645 0.3313326352767074 0.3217322415078042 0.25390087805760325 0.335159451503041 0.3487004767211754 0.32763864772779755 0.32187242289127566 0.31729038317413283 0.32251678254748606 0.3141404835009072 0.3089999270878121 0.2588993460985653 0.34119481050486 0.2951225107143725 0.3437633990454507 0.3404864889605473 0.22771092284975947 0.3229227347343894 0.29871673397908405 0.31887119660621394 0.29884282418146746 0.3194424107658038 0.3190803844028548 0.32551727971248345 0.32251979235362904 0.2556144846820687 0.004517295404016309 0.28514693494217147 0.2720304495959298 0.4829114609234614 0.013347228681254878 0.33606359029280986 0.3381816329502362 0.2759972744099851 0.2735997044836241 0.2643012856335909 0.29605671486309465 0.22904975888656964 0.33748398778788813 0.29529341252184305 0.3209816182535641 0.3213831505076654 0.004638394712487837 0.27023318969697807 0.24453766272588545
G000186945 0.3415486463633337 0.27010609257718715 0.2987215764451192 0.29469969031134763 0.20300139449324922 0.2776802460948417 0.281569104155038 0.2889750468312462 0.16439027716780183 0.28858327218426805 0.0 0.2676680011413297 0.3374086390803953 0.3164291526244598 0.29008105890276753 0.281153603492201 0.30212829134630687 0.2688198806121044 0.2770366687740199 0.2756793805300113 0.171133885009691 0.29208261714817346 0.33041651408130124 0.28343131341928185 0.3067309626527966 0.3068097441114282 0.2836797356968562 0.2721142484406397 0.02134348423011062 0.35891346417069137 0.37083210306812137 0.38238468812549337 0.335650611257724 0.33281068623981824 0.36033642837985014 0.33058198115090454 0.3724622277565241 0.3151871427528109 0.31340444172909343 0.31170929915270207 0.36533423320658526 0.32018011550135955 0.31374240116932883 0.2777638018613018 0.3196606662154944 0.32957929395812685 0.31743966421057446 0.3130850009912142 0.3062127557704579 0.3173010695801523 0.3136661593663774 0.3092014087134107 0.3133858200354273 0.3321003600735432 0.2333028262278249 0.3437067248915055 0.33997384594570856 0.29094974876196306 0.31418896916168837 0.2941347488478173 0.30934913342942016 0.30157245050838144 0.3132476657631225 0.3128696433312572 0.31392083544617533 0.31302481614691513 0.2784467755286566 0.28864191081178237 0.28350693751150857 0.2865031415597398 0.4620795970722689 0.2899527231350739 0.34521918390937645 0.345718744748098 0.29374623038794556 0.28709692377655016 0.2856390247052857 0.28542537853613126 0.2727272105940691 0.3339245567215629 0.2856940366405639 0.3337641893313627 0.33375137322805437 0.3044643819556885 0.27551915264267657 0.27757789213328277
G000210615 0.33693904546840847 0.14168486498994975 0.28372650507420766 0.25267845561078933 0.15424546285215912 0.2050723881637194 0.21084799185866931 0.2821653077047612 0.2671107086685486 0.18679349333612186 0.2676680011413297 0.0 0.3282881585768402 0.304175548438375 0.19111190063678188 0.18007831766251028 0.18723332103160026 0.26893012300912034 0.23910846219948262 0.24038514041781986 0.28099689387152577 0.22230070180610378 0.3266683802662899 0.24389980368755004 0.29239093903151364 0.2924793053502 0.22710792990366235 0.15642427700237763 0.2845763293944635 0.310075642281491 0.26159214183471824 0.3891841280002545 0.019429662506632833 0.2090518321522999 0.37018150498933916 0.31928652689737597 0.27697862292058173 0.25777793058136217 0.29708960274753615 0.19213449250740533 0.020786685547161343 0.30229903136262226 0.2991350094325881 0.2528683813334589 0.3083568909679958 0.3255892957563985 0.29615260111287617 0.30007420280799396 0.2952024129644922 0.2990489457793637 0.2948545967823371 0.29221747462689374 0.2913524132699655 0.3283072981543976 0.2821502860178329 0.31954344657393047 0.3190073921638654 0.23576196320017379 0.3022846789823422 0.23720854906709288 0.2977825866217552 0.28435305725895393 0.30167913849070366 0.30119044790129884 0.3041124239326559 0.3001789423313705 0.2550100844009741 0.1476521876765635 0.28105833475717557 0.24234726886187508 0.39284303728506687 0.208964041784341 0.3515707712762577 0.35348373560412233 0.25269943646216936 0.2433603219588141 0.22950543933089917 0.2789378552114658 0.17538089726830508 0.30951540131766064 0.27828567440151536 0.3175222958489443 0.3181119766330438 0.1901969189591572 0.2695552189075777 0.15798246627531592
G000227355 0.2099710262205791 0.343807546482823 0.34839803869162683 0.33727717063538354 0.34305340282517355 0.35134161245074147 0.3447767126284803 0.35023525789878773 0.3270876453505698 0.35865187321560105 0.3374086390803953 0.3282881585768402 0.0 0.31745251384815626 0.3604308743789561 0.3427044930042905 0.35007909376482743 0.3363879965381226 0.35518552230408756 0.3514263545801244 0.34626835321185323 0.3642170629239898 0.45262487216136027 0.3652468719271389 0.3029415136970718 0.303048114847631 0.37164429300162294 0.3345783336958792 0.38961656616660856 0.44614542225335274 0.4067662302224402 5.0 0.3943776902533287 0.41898327606377395 0.4751909377649398 0.35942102628252004 0.480775770280788 0.41458112340592024 0.3005144102712331 0.3822212507015166 0.3972129604815542 0.3230970806780176 0.3089845296568521 0.3535040843994323 0.32951811297196487 0.25395896153447467 0.32550963399696736 0.3067343244408209 0.30763063896097825 0.3130791245404485 0.377996923930906 0.37799576525083867 0.3585746810792706 0.2625590223469825 0.3439225221868146 0.4037766405344413 0.4361410040734638 0.34429728317520136 0.3115555860445721 0.35035201927615084 0.31239230777066956 0.3521395478974535 0.30566449272902263 0.3067840034745901 0.3197183630552593 0.31084420146215364 0.35302124284935793 0.3598700193745218 0.3469154645420307 0.35297544725767543 5.0 0.36170236064456285 0.48333344123583455 0.4823690395296366 0.376106170027462 0.35305306588125934 0.3708257110226206 0.34428301205114653 0.3361198910572913 0.43590810143633857 0.3406377298788599 0.42565259472043804 0.42563608798345876 0.40168542298872834 0.3500550429021324 0.3426607966477251
G000236085 0.335066854072241 0.3076869379270947 0.3052070017264538 0.2961555416787269 0.31060259039931154 0.32872442196641916 0.3186368552492739 0.30858862668372894 0.30684675368630554 0.3252433793781616 0.3164291526244598 0.304175548438375 0.31745251384815626 0.0 0.32698447904370576 0.31773112406757 0.3057770734717412 0.3144720400378951 0.32213805018307107 0.3275612268483139 0.29782453840502204 0.3292958514930208 0.3844343069851194 0.3136064440299011 0.1774918583474543 0.17822442624329504 0.3169719832537778 0.3146943525058516 0.32391323620198653 0.3674651242549454 0.43377323293421716 0.4158058668505681 0.3926481346511628 0.3711367335453663 0.40325288750143773 0.3498435006467747 0.3922327724019683 0.3610062882011251 0.23782126151207164 0.3393446517670875 0.35638877295504545 0.25444941433374146 0.23466189263085308 0.3212515156731508 0.25866464982925996 0.32708918201617365 0.25566395597687225 0.23331494178164264 0.1890490741409157 0.2399319696493774 0.3089354104531924 0.3085535057773738 0.334085674666486 0.3252106034378815 0.32865056958016003 0.37555406893742194 0.38945649503859847 0.2982628228096402 0.1285587087537791 0.3009582744529321 0.19065318818969912 0.3068478137947401 0.242363981027244 0.24210297635070105 0.07229169358904085 0.23225231604736654 0.32039841805152997 0.3264355257120251 0.32756428229452383 0.3194641664912313 5.0 0.3268356900298076 0.43477237791674406 0.4338406795868704 0.31984711267792254 0.31953989629107177 0.3168551866357392 0.2983415458391147 0.31523496583624777 0.38769072594016835 0.29808524363198297 0.3871322519719963 0.38711620466177193 0.3279028924417311 0.32557946449517866 0.31867040820099807
G000242195 0.35992628546869143 0.1929831345436403 0.3043674696808563 0.24977604908352843 0.20020220055677945 0.26841924813251244 0.2128708950001666 0.3048772592446057 0.2862476582669866 0.006772924424499725 0.29008105890276753 0.19111190063678188 0.3604308743789561 0.32698447904370576 0.0 0.16868972715484082 0.17744147060075677 0.2834391332467122 0.24456863992911984 0.2709113696253789 0.2938379874859725 0.019932410152176804 0.3700802379677147 0.2760124176850554 0.3169164122587509 0.3169615404374249 0.26336459930780093 0.25329380194084206 0.2567214889230532 0.336454954490081 0.32878959129271934 0.4499410370115702 0.2912738898072456 0.004503169315497827 0.3909213183776342 0.3349680024141332 0.24883714802204748 0.3480927011384553 0.32321031215020346 0.007411519599389899 0.29335307058911886 0.33318104311773694 0.32349441019763014 0.25648150010774023 0.3369534805669982 0.35056897675654436 0.33049224293481416 0.32362811916210943 0.31905551792766706 0.3243078520410441 0.3156519197878914 0.310507911715597 0.21788333109058267 0.34292190614102597 0.29681064010236635 0.34527701728051063 0.34193291040948737 0.20024523893935495 0.3246541870335248 0.29437376175434815 0.320564434228133 0.28816974522086075 0.32117307373971693 0.32082759657475973 0.32724592258381074 0.3242777146662996 0.2244921252610903 0.007724236073788464 0.28654998439831636 0.27401657497701826 0.484881203484825 0.0138880207380393 0.3375424767539851 0.33968111383764765 0.27847830219152947 0.27568357395953474 0.26529346617801186 0.29733195715422833 0.24144087411321774 0.33893313741517167 0.29678384084728043 0.3406126073931791 0.34128551610509994 0.0065829819309166735 0.26737395954529986 0.2082181736020728
G000242955 0.34271786204405774 0.20352709128645352 0.2942407815031439 0.2681365216321495 0.1996976730457089 0.1831762303919527 0.016297363087109783 0.29397811321106426 0.27891375011423614 0.1787278928216734 0.281153603492201 0.18007831766251028 0.3427044930042905 0.31773112406757 0.16868972715484082 0.0 0.17659968858221786 0.2774152222966517 0.24238701750985575 0.26333367486588655 0.2869625079956503 0.19442346985215753 0.35225010177545757 0.26607624009848524 0.3082924039329006 0.3080563269608019 0.253033547776848 0.2425365238064839 0.26618224072530394 0.33022170072206714 0.31366584565635264 0.43987133553036883 0.273282354203253 0.19537834886263072 0.37940813528926276 0.3259370935682145 0.2351532205570287 0.3187021752370196 0.31538805718189283 0.17450460451430566 0.2743811933532111 0.32462776343486344 0.3158052294093958 0.1531539871248565 0.3316658556418661 0.33902545311830246 0.32196835674390545 0.3142188433552075 0.3112197327275664 0.31653026859988076 0.3053894912310498 0.30428862362248954 0.1715957852448085 0.3356446758088235 0.2870298234040813 0.3383434480968721 0.340331936328852 0.19939397589931607 0.31665453808263916 0.28041703515963595 0.313193696642644 0.2949092688171466 0.3166023444591573 0.3135371029548907 0.31788611328530725 0.3166650429693242 0.25533031803331085 0.17328720038181222 0.2830790232191407 0.26324669907062076 0.489536869060507 0.17801524589827517 0.3271801238468567 0.33055346627651416 0.274099944349708 0.2652543757842647 0.25375887137670733 0.288526459314539 0.17439823398394927 0.3393682564285781 0.2886373188004868 0.339005054585722 0.33953687530856813 0.18141614095902017 0.2655624963113792 0.23326347379161927
G000269565 0.35142950100196996 0.25356683554779436 0.2268076440225511 0.2054420940801943 0.2026450991441466 0.26011491084099153 0.29939309200773334 0.248718042472086 0.2975603118521016 0.18414061963441186 0.30212829134630687 0.18723332103160026 0.35007909376482743 0.3057770734717412 0.17744147060075677 0.17659968858221786 0.0 0.28778887557465327 0.2533864542007991 0.3061878595169366 0.2524656936601563 0.2045480566701322 0.32325209800628263 0.2724409309998613 0.3011704298302194 0.3021539560943834 0.29740480868129976 0.26915198368477655 0.24327824106003615 0.3207021561475417 0.3730724616700135 0.44600593977804276 0.324374314776195 0.22042335607527552 0.3588222213940426 0.32101736324043273 0.35060772752330177 0.2665547959485833 0.30565751152401566 0.18322692236284882 0.17823935298052107 0.3106526933900443 0.3083189993163879 0.29790813675241445 0.3249531073317359 0.35428483240970643 0.3209719846705159 0.30689415129959907 0.2991509705896029 0.3058819312399632 0.2582324664261266 0.25937471676167506 0.2005201914173208 0.346539510034839 0.3145615731964775 0.27543343666925135 0.2680874710891474 0.15298117981953036 0.3052800399818576 0.23563861874402836 0.29821878606748947 0.1510405386925935 0.31841661616456196 0.31676843226394735 0.30461899568653994 0.31152688863070627 0.2979948922230557 0.18037574733288697 0.2876903886308071 0.300596671221403 0.4532884685145142 0.18510661133664946 0.39343906009002505 0.3929178755853152 0.3081498431877608 0.30064058346410316 0.29997632724104406 0.24906929718232207 0.20676216741645018 0.2845382507405882 0.24781688368169158 0.2861658562221902 0.28637290550371763 0.18761246448793956 0.2586120490971745 0.26713664188474406
G000270085 0.3423360897255775 0.26407780085417143 0.2792155363468597 0.28171922482364886 0.26891896585298053 0.27982692526965935 0.2782639160553738 0.2844091172766581 0.26742101555413617 0.28192830748367986 0.2688198806121044 0.26893012300912034 0.3363879965381226 0.3144720400378951 0.2834391332467122 0.2774152222966517 0.28778887557465327 0.0 0.27127137626673636 0.2790556015869671 0.28797671711150785 0.2854705045717634 0.10910134278537922 0.27687400040518423 0.2998736435281202 0.2989535538592951 0.2790676338192924 0.27012090209653916 0.2906861723893951 0.3336337297132276 0.3482495476151555 0.40839837452718214 0.3245022344059106 0.31374511835569463 0.36283054127312997 0.3164087123466833 0.35192891130859366 0.3075335616252133 0.30832292364233355 0.30150383318841223 0.33777224449927046 0.3128311618836379 0.3077017161208501 0.2699035662101089 0.3180093610698181 0.3238402656783787 0.31936937828894607 0.30837184964401987 0.3052381004479721 0.3096519328147857 0.3025934006458862 0.3028703633156771 0.2931411002248384 0.3222029621314355 0.2850138826231431 0.32173734707894625 0.3285184522817429 0.2775538418147168 0.310836882774998 0.2805030883002968 0.30844331764130933 0.2875098460023161 0.30472396148714087 0.3026269343966877 0.3162045100668638 0.3106960969488742 0.2716694349515403 0.2829962895841328 0.2299672581311349 0.28483896310632273 5.0 0.2830570201294241 0.3245739748573375 0.3284575975456378 0.28471774469309363 0.2871204676817907 0.2806719536772749 0.28321821740715775 0.2674070834256397 0.3278099374875356 0.28092618670618136 0.3294474147952855 0.33053807316442185 0.29497655672956286 0.27706172585324385 0.2753671754021969
G000313565 0.3552624060019727 0.22176118870592054 0.29483577303128006 0.3062875487192726 0.24141003080729892 0.2663991109823101 0.25592159702440515 0.29685922598090864 0.2769330722785694 0.2440591515464699 0.2770366687740199 0.23910846219948262 0.35518552230408756 0.32213805018307107 0.24456863992911984 0.24238701750985575 0.2533864542007991 0.27127137626673636 0.0 0.1738220718871333 0.2937604953910777 0.2504619442331292 0.32831520971598493 0.2733539317719451 0.3105063255515729 0.3114055368506088 0.2689882935796819 0.2570946710741352 0.2983772271058575 0.34454889631546415 0.3172287858948193 0.43565818632737546 0.2925754929448255 0.21216839389195402 0.3723401737039752 0.32710085613767503 0.2955746738145304 0.3224564232532073 0.319035342851176 0.22492835415693216 0.31103196555931795 0.32888016313100116 0.31851602302769355 0.05967903078640034 0.3342948843416975 0.34417950630431354 0.32341402849381207 0.31919238150180596 0.3127889090199696 0.31872497057438864 0.3223663127171449 0.3165485879468341 0.3100941791201286 0.3445063801937682 0.2851789852482304 0.3532753027769656 0.3488939699709179 0.26644629299116995 0.3184176896343088 0.29341503263304825 0.3145407340441998 0.29666075802820124 0.31640640702469974 0.3156875052819582 0.3211516828856327 0.32112810301599193 0.060094693292352536 0.22008756664969847 0.28046411759090656 0.27276537831710235 0.4316020737689975 0.22486231708402352 0.34260581206730645 0.3420767548738368 0.2741574236992508 0.27380716378661685 0.26901385529702593 0.2940931206733828 0.2271618116839909 0.3487598079285086 0.29387078540175987 0.34313657472122727 0.3436784823222194 0.22325809204325248 0.2650331760814293 0.26017740387733845
G000327285 0.34889575424254565 0.25947187176423125 0.30317469363135324 0.3033250235464874 0.2777850335667974 0.12546099508931516 0.26743645799147353 0.30360874677330724 0.2737433194315055 0.2700416133224939 0.2756793805300113 0.24038514041781986 0.3514263545801244 0.3275612268483139 0.2709113696253789 0.26333367486588655 0.3061878595169366 0.2790556015869671 0.1738220718871333 0.0 0.3046603636851932 0.2334317524963191 0.3542170983832367 0.28500625812119235 0.31692431449480774 0.31697497016767856 0.2830546160206793 0.2751551112075563 0.28629095557693074 0.31917654973836274 0.353533917365177 0.4457612523942306 0.32857945612230854 0.21612624137457748 0.35228098134983177 0.3306982842597962 0.3173065366178752 0.3287702755941938 0.32956379295699384 0.28650634344816206 0.3360300771398475 0.3353481542325372 0.3307653699040136 0.26464321902844945 0.3413498706044 0.34688104807719655 0.328576014039747 0.3288818517130139 0.3179986099696004 0.3274394033577155 0.32460540035617214 0.3228185229607234 0.31935434014808417 0.3449412907834724 0.27465060267298813 0.3541571489793644 0.35666407571021497 0.30201150233752627 0.32492077659287877 0.22460342598395652 0.31919791613883275 0.3032995854735128 0.3287604458188074 0.3283723268712286 0.3278538405628106 0.33064488091312166 0.26593772885836214 0.2679364225339687 0.28096634445153434 0.28204826063777216 0.4601305803999458 0.2724521907496842 0.3133260757395558 0.31563141066508055 0.2897323582406329 0.2828620206143594 0.28162146097985324 0.30014042866312113 0.22641088244553126 0.35578297703491246 0.2993352790804162 0.3554613898450082 0.3565839628144869 0.27959097647635267 0.13538596507975714 0.22378878758236004
G000340375 0.34955555083645595 0.27961420409390786 0.2646922240892436 0.2578501124613193 0.28723390805010063 0.3081058771051316 0.2876008086642986 0.23677169732015985 0.17046584190383107 0.2937050041835636 0.171133885009691 0.28099689387152577 0.34626835321185323 0.29782453840502204 0.2938379874859725 0.2869625079956503 0.2524656936601563 0.28797671711150785 0.2937604953910777 0.3046603636851932 0.0 0.29621051808524734 0.3259426096573433 0.2802707032656856 0.2957139158525012 0.2949416232060611 0.2835516836636789 0.2839149355161884 0.18714015273953638 0.32317553270900634 0.35320434351384516 0.4286505906938124 0.3365568141579674 0.34428019148027866 0.3808549260136009 0.31385318172428 0.3632976024790191 0.2582192974573384 0.2931908847018367 0.30227378733914334 0.34955867487118114 0.2984829976935816 0.29799755900325553 0.2889251917085431 0.32009669458613 0.33892788526017015 0.3124194121161353 0.2966153997484621 0.2933693239257913 0.29819925882102716 0.23098165504473356 0.23145379139796823 0.2666486392251659 0.3433661454131472 0.311419083386823 0.24204790760614003 0.24101530794667195 0.25159265506528855 0.29825641575658884 0.2572663979063422 0.2939652896459489 0.24885870854414777 0.3091188945883313 0.3093099977156327 0.29784925791432376 0.30116188201510113 0.2906113080146537 0.2945499445541049 0.2997517185881872 0.282354926312801 0.4102441881231955 0.29377223329557234 0.3581453666194878 0.35739239865620553 0.2830276509014408 0.2838282058791626 0.2828970099336158 0.22174138215315392 0.28244909211950187 0.2416112246419127 0.2216923861905747 0.24108272463507774 0.24113518820867938 0.3029388217743354 0.303636311421594 0.2824742149646924
G000371425 0.36223409212409635 0.18942600425187484 0.3065772258882706 0.2632799263908452 0.21031571775764799 0.22448147927430168 0.21301902673340045 0.302807409543454 0.28954343454187276 0.01917832053170425 0.29208261714817346 0.22230070180610378 0.3642170629239898 0.3292958514930208 0.019932410152176804 0.19442346985215753 0.2045480566701322 0.2854705045717634 0.2504619442331292 0.2334317524963191 0.29621051808524734 0.0 0.3727195260543351 0.2590178116972625 0.3192699520141544 0.31931230993410065 0.2643942765533004 0.22804798471360183 0.3042743122394599 0.3386888133674139 0.329530009244625 0.45228890986266035 0.29412746340986173 0.018977553049868305 0.3884931218777048 0.33713218382881416 0.20934284753385107 0.34736062226280096 0.3255759123242645 0.020079773487181984 0.2847951366294119 0.3356273137808317 0.32583205090452194 0.2574632167165234 0.3393319156351689 0.3530415046738326 0.33185438522447114 0.3259576394416962 0.3213966183522097 0.32668179844368117 0.31755439993445067 0.31242146039590823 0.2319199578763869 0.3516858703713595 0.29799728373376744 0.34703780193783385 0.2889846627636701 0.21125503991354327 0.3272992135078703 0.28276551428878244 0.3228151833172538 0.28948625770281317 0.32347098519547673 0.3231462937723283 0.3295416407446862 0.3266100692757147 0.25839412508540516 0.020178368185705627 0.2883813461414945 0.27534792919460005 0.4874900964635715 0.021071157424971055 0.3386934136072562 0.3407976818456144 0.27874263998149035 0.2769885208275268 0.2670523514352351 0.29945796318276857 0.2210316566785644 0.34024034759095784 0.29870728074910335 0.2880592658792828 0.2881997415329919 0.019944396588416662 0.27241167893732104 0.22252116542998596
G000373785 5.0 0.3274444392490261 0.3263326281100739 0.3217379703967746 0.3235509240521047 0.3736775382835842 0.35023299143534076 0.3251313901953914 0.3317657839369805 0.36904547883872096 0.33041651408130124 0.3266683802662899 0.45262487216136027 0.3844343069851194 0.3700802379677147 0.35225010177545757 0.32325209800628263 0.10910134278537922 0.32831520971598493 0.3542170983832367 0.3259426096573433 0.3727195260543351 0.0 0.31610606986133416 0.37707489456392296 0.3611197823153893 0.3284535207455823 0.3240759891119145 0.33229079441915665 0.3527628900868425 0.35139134645580744 5.0 0.33317319786455746 0.3785772534115114 0.37223680900133066 0.42642844507280364 0.35545499469470176 0.3384403758935453 0.3935615726548165 0.3701042030027273 0.34903825517106035 0.4404754861947496 0.40675310706011913 0.3261142834379539 0.4159740521295937 5.0 0.39957776048747157 0.3837909738768205 0.41287646182640136 0.40873977144841644 0.3186770897180949 0.3228279521918423 0.3252366686609876 0.4540656449927519 0.35834897635479845 0.32352143756717994 0.333742288223577 0.3193395957538911 0.3727664205454062 0.3211324788652393 0.40927854315267564 0.3272658861538968 0.37753893005754335 0.38562796553893 0.39372538019509207 0.38372725064843194 0.32570448949319725 0.37012161572308255 0.24950864610539286 0.3459087431680765 0.37691816832690817 0.3704837304008882 0.3263050717797838 0.3302276689146527 0.3398486326467338 0.34597286755188483 0.3260531096977268 0.3285923654768153 0.32160584669552345 0.3332723908795332 0.3231522713569098 0.33397620033498177 0.33515973656615283 0.3697393349243756 0.35337657570202485 0.3392201200708852
G000384195 0.3591945949302715 0.25296011151920794 0.29387160594989237 0.2878778843775988 0.23170571859495454 0.2689356490470468 0.26735847634546794 0.2854793412514486 0.27853415897451134 0.2740863918712142 0.28343131341928185 0.24389980368755004 0.3652468719271389 0.3136064440299011 0.2760124176850554 0.26607624009848524 0.2724409309998613 0.27687400040518423 0.2733539317719451 0.28500625812119235 0.2802707032656856 0.2590178116972625 0.31610606986133416 0.0 0.30452766803170406 0.30496877936493416 0.24282572800662913 0.20419272142574957 0.26838380490433783 0.3052402474948158 0.29249017149164713 0.4173211646792617 0.2720077227535674 0.30964606590514576 0.3570946228245611 0.3333644836382086 0.29708247381001207 0.31684773024439017 0.3087677623751763 0.28692893878098713 0.28292434683287737 0.3207748492690696 0.3108094657387588 0.27318210323007563 0.3283085231582037 0.346689450691478 0.3153423924311373 0.30919869881397455 0.3064120315586894 0.31022811922888993 0.29753941272975015 0.2939792574202221 0.3021847649373064 0.3474392530931045 0.29190907529284393 0.31445961174332715 0.22062745725457544 0.2826567775828749 0.31322578994776007 0.28657819392931905 0.30884382976212477 0.2926856483291211 0.3114521946195492 0.3110583604395606 0.31296546814627646 0.3109830889684635 0.273913933541719 0.2750737539343894 0.29388810703061163 0.2440275739831283 0.3994832859009907 0.2751123624752424 0.36005358398906845 0.3605552418055087 0.22992527257053913 0.2445933336790988 0.24496587454530103 0.2811467398823354 0.2681588079792576 0.32562513704785684 0.2813639268299178 0.27423488848778116 0.27422227094028395 0.2812889628096835 0.26914477725977476 0.18148893455314524
