86
G000011225 0.0 0.3751691 0.3501403 0.3392328 0.3893769 0.3872494 0.3784703 0.3741139 0.4063791 0.3924728 0.3936243 0.364839 0.2385573 0.3204147 0.3910496 0.3836731 0.3582607 0.3835785 0.3749202 0.3877484 0.3593992 0.3924333 0.4160806 0.4073195 0.3116824 0.3112499 0.3942545 0.3781187 0.4188926 0.3599949 0.440079 0.38466 0.4407544 0.4279555 0.390577 0.3500046 0.38406 0.4558804 0.3149856 0.4014602 0.4338343 0.3458 0.329002 0.3779829 0.3320102 0.3012652 0.3351674 0.3171431 0.3158838 0.3294421 0.3966909 0.4034564 0.3466752 0.2985807 0.4178706 0.4104027 0.4222148 0.3440874 0.33904 0.3616901 0.3146074 0.3581964 0.317905 0.3083277 0.3449724 0.318814 0.379543 0.3943347 0.419908 0.4194061 0.39874 0.3897809 0.4594409 0.4694636 0.4027411 0.415531 0.39427 0.3734578 0.3537046 0.427326 0.3735895 0.4320053 0.4317989 0.4170963 0.3902628 0.3651982 
G000154285 0.3751691 0.0 0.3002726 0.3079227 0.2682758 0.212138 0.2394457 0.3372587 0.3288369 0.2506332 0.3272409 0.1741713 0.3688116 0.3416913 0.2325921 0.2430258 0.3013601 0.3226132 0.2677512 0.3126279 0.3240743 0.2295883 0.3708138 0.3084287 0.3391957 0.340194 0.2943477 0.2827142 0.3398203 0.35159 0.3514408 0.4317171 0.3120977 0.2661218 0.3894414 0.3564271 0.0120584 0.3675526 0.3417888 0.2607698 0.2459207 0.3575705 0.3495004 0.2871154 0.3518179 0.3708514 0.3464156 0.3439219 0.3354152 0.3467737 0.3436345 0.3440728 0.3262104 0.3695955 0.341206 0.3613833 0.3715373 0.3161131 0.3463969 0.3254828 0.3366054 0.3282668 0.3430631 0.3401978 0.3432999 0.3439992 0.2939114 0.1907544 0.3342231 0.3104546 0.4728878 0.2518985 0.3946789 0.4002787 0.3187717 0.3122603 0.2991303 0.333194 0.2166622 0.3751334 0.3331301 0.3748892 0.3753214 0.2592898 0.3130889 0.2108667 
G000154485 0.3501403 0.3002726 0.0 0.1867048 0.3226581 0.3485835 0.3312968 0.2851991 0.3570195 0.3428198 0.3491192 0.3245467 0.344237 0.3133829 0.3404487 0.3336622 0.2462247 0.3332288 0.3216881 0.3463033 0.2872122 0.3418214 0.3579137 0.3418896 0.3114326 0.312552 0.3357813 0.3344897 0.3610029 0.3357207 0.3676297 0.4268059 0.3418525 0.3703972 0.3702881 0.3296622 0.350361 0.306735 0.3146137 0.3514329 0.3470981 0.3379709 0.3310329 0.3257332 0.3317128 0.362004 0.3311474 0.3179493 0.3091086 0.3227517 0.3002311 0.2983996 0.1819762 0.3570702 0.379224 0.3080715 0.320043 0.2237317 0.3358493 0.2666573 0.3093004 0.2361432 0.3254122 0.320036 0.3182586 0.3194916 0.3279443 0.3442428 0.3528128 0.3683331 0.4381307 0.3405998 0.4240637 0.4363964 0.350816 0.3680282 0.3398746 0.2911745 0.2968464 0.3218086 0.2907013 0.3215122 0.3215002 0.3513364 0.3469673 0.3222895 
G000154805 0.3392328 0.3079227 0.1867048 0.0 0.3155033 0.3478806 0.3298055 0.2795789 0.3504394 0.2883155 0.3502805 0.2927372 0.3277741 0.3007959 0.2907345 0.3092053 0.2321377 0.3296414 0.3263924 0.3448925 0.2769866 0.3050523 0.3483121 0.3331081 0.3020464 0.2998042 0.3327035 0.333575 0.3646506 0.3273559 0.3647616 0.4020878 0.334121 0.3506945 0.35917 0.3288347 0.3326809 0.3017952 0.3028045 0.3008859 0.3320861 0.3247388 0.3168756 0.3292491 0.3161022 0.3499627 0.322037 0.3059158 0.2990632 0.3128746 0.2929716 0.2950335 0.1657373 0.3486758 0.3823575 0.3032157 0.3158328 0.2145306 0.3414022 0.2641977 0.2961102 0.2388587 0.3075916 0.3079873 0.3069725 0.3050616 0.3299037 0.2920816 0.3505589 0.3623601 0.4199485 0.2808366 0.4172843 0.4320545 0.3513914 0.3611374 0.3360205 0.2882251 0.2735279 0.317352 0.2872185 0.3178497 0.3178433 0.2923817 0.345707 0.3105116 
G000156655 0.3893769 0.2682758 0.3226581 0.3155033 0.0 0.3304964 0.2946155 0.2580801 0.3414465 0.2708601 0.2519181 0.1857809 0.3859282 0.3534139 0.2433201 0.2453116 0.2547886 0.3291232 0.2882923 0.3317592 0.33308 0.2551676 0.3670023 0.2811727 0.3460241 0.3420278 0.2837158 0.2637173 0.345787 0.3703779 0.2430988 0.4274228 0.2454022 0.317803 0.3811068 0.3653504 0.3127711 0.350123 0.3601069 0.2492445 0.2526766 0.3631509 0.3650536 0.3077483 0.3553908 0.3826487 0.3504655 0.3564146 0.3423863 0.354342 0.3369108 0.3204991 0.2648605 0.3768367 0.3508895 0.3201899 0.3135669 0.2538413 0.34639 0.3311001 0.3423673 0.3284198 0.3636598 0.3591306 0.3839589 0.3589038 0.3089911 0.2514126 0.345603 0.3038173 0.418094 0.2520471 0.4052557 0.4082679 0.3113029 0.3046618 0.2863547 0.3319457 0.2978099 0.3254298 0.3128028 0.3125859 0.3132806 0.2729263 0.3298249 0.2831513 
G000157995 0.3872494 0.212138 0.3485835 0.3478806 0.3304964 0.0 0.3180064 0.3566611 0.3312377 0.3222783 0.3318144 0.2446638 0.3869681 0.3637417 0.3179974 0.2224333 0.3066986 0.3350131 0.3146561 0.1415742 0.3525889 0.2696211 0.4171063 0.3215384 0.3604873 0.3608598 0.3387979 0.30342 0.2536476 0.3743343 0.4078978 0.4991611 0.3759963 0.3452874 0.3994446 0.3758293 0.3537217 0.3979617 0.363185 0.3370709 0.3921542 0.3824402 0.370019 0.3136413 0.3824236 0.3955067 0.3709319 0.3656288 0.3593053 0.371077 0.3809501 0.3774967 0.36553 0.3932802 0.3263131 0.4132338 0.3365579 0.3441095 0.363353 0.3343808 0.3597662 0.3469163 0.3612843 0.361874 0.3622714 0.3647571 0.3148209 0.2580956 0.3432892 0.3328579 0.514917 0.3225517 0.3620858 0.3659206 0.3468161 0.3331942 0.3386234 0.3552491 0.2264299 0.4174387 0.3546185 0.4163806 0.417536 0.3318915 0.0638814 0.2637603 
G000163515 0.3784703 0.2394457 0.3312968 0.3298055 0.2946155 0.3180064 0.0 0.3295151 0.3447586 0.2360348 0.339146 0.2587747 0.3808805 0.3533982 0.2497015 0.0178129 0.3355965 0.3355293 0.3001791 0.3214171 0.333124 0.2504523 0.3870179 0.3240661 0.3531617 0.3513525 0.304969 0.2891259 0.3516466 0.3686259 0.3499527 0.4611905 0.314207 0.2580725 0.4036413 0.3659295 0.2723154 0.3720691 0.3587418 0.2551777 0.3189707 0.3745644 0.3640446 0.2998752 0.3687764 0.3845967 0.3630602 0.3573902 0.3503518 0.3607552 0.3549938 0.3538265 0.3412256 0.3845001 0.3526273 0.3728753 0.3746888 0.3293444 0.3660075 0.335041 0.3518132 0.2868318 0.3578521 0.3532532 0.3571172 0.3585526 0.3016818 0.22248 0.3449021 0.3206904 0.4858081 0.2500396 0.3909379 0.3961583 0.3256614 0.3232865 0.3082621 0.3414067 0.2187257 0.375415 0.3410685 0.3757506 0.3761704 0.2520926 0.2356028 0.2255967 
G000173795 0.3741139 0.3372587 0.2851991 0.2795789 0.2580801 0.3566611 0.3295151 0.0 0.351714 0.3544966 0.3399686 0.3310137 0.3663098 0.3373612 0.3542689 0.3428138 0.2796 0.3412235 0.3387563 0.3558795 0.2703211 0.3463025 0.3747401 0.3395721 0.3381038 0.3374118 0.3436771 0.3383252 0.3548941 0.3614731 0.3687262 0.4504237 0.3561911 0.3828552 0.3840407 0.3544692 0.3761895 0.0487972 0.3389027 0.3608249 0.3601319 0.358591 0.3465663 0.3392837 0.3637543 0.378979 0.3586262 0.3416237 0.338141 0.3466025 0.2477598 0.2414393 0.2930532 0.3837169 0.3740343 0.2469304 0.2447385 0.2554327 0.3528011 0.297049 0.3358871 0.2752509 0.3443419 0.3452291 0.3419077 0.3441481 0.342368 0.3393432 0.3564463 0.3542893 0.4236181 0.355264 0.4600811 0.4628505 0.3543079 0.3549419 0.3490903 0.2423732 0.3218777 0.2498763 0.2443289 0.2473956 0.2474206 0.3648126 0.3574382 0.3319375 
G000177375 0.4063791 0.3288369 0.3570195 0.3504394 0.3414465 0.3312377 0.3447586 0.351714 0.0 0.3476718 0.2008068 0.3298334 0.406067 0.3740272 0.3463825 0.3463661 0.3645334 0.336056 0.3359403 0.3314983 0.2114507 0.3503771 0.3895928 0.3488094 0.3570997 0.360964 0.3340563 0.3302887 0.228662 0.3816644 0.3952044 0.4294642 0.3900781 0.3820525 0.3948357 0.3843212 0.3949946 0.4056095 0.3868815 0.3671732 0.3998556 0.3822958 0.3814749 0.3352699 0.3707748 0.3961871 0.3726124 0.3762235 0.3557825 0.3652553 0.3815184 0.3756803 0.3558883 0.3932768 0.2915226 0.3697699 0.4095644 0.3478865 0.36233 0.3491087 0.3570203 0.3582646 0.3876062 0.3790481 0.4206927 0.3757179 0.3377522 0.3492301 0.3501983 0.3410914 0.4587196 0.348217 0.4231648 0.4274499 0.3593443 0.341872 0.3379429 0.3052222 0.3273624 0.4106289 0.3052326 0.4131087 0.4130784 0.3627104 0.3305684 0.3320488 
G000183585 0.3924728 0.2506332 0.3428198 0.2883155 0.2708601 0.3222783 0.2360348 0.3544966 0.3476718 0.0 0.3457782 0.2314299 0.3915219 0.3642572 0.0075286 0.2149462 0.2290051 0.34092 0.2894815 0.3213783 0.3424033 0.0210623 0.4031585 0.332395 0.3607985 0.3604315 0.3138028 0.3022231 0.3569363 0.3800071 0.3773135 0.4798785 0.3381183 0.006293 0.4217414 0.3784388 0.2844037 0.3853848 0.3617707 0.0066316 0.3381212 0.3831036 0.3670574 0.2998815 0.3760981 0.3922182 0.3709772 0.3640382 0.359893 0.3677272 0.3655335 0.3607191 0.2983541 0.3880214 0.3534877 0.3871756 0.3868299 0.2716538 0.3648439 0.342251 0.3605355 0.337394 0.3594529 0.3596824 0.363597 0.3627826 0.3014295 0.0050487 0.3486294 0.3267315 0.5019006 0.0144558 0.3927124 0.3962063 0.3307506 0.3284505 0.3199497 0.3481913 0.2766726 0.3869307 0.3486136 0.3695934 0.3700055 0.0051895 0.3229433 0.2886864 
G000186945 0.3936243 0.3272409 0.3491192 0.3502805 0.2519181 0.3318144 0.339146 0.3399686 0.2008068 0.3457782 0.0 0.3232498 0.3947628 0.3664726 0.3453791 0.3390923 0.3566525 0.333624 0.3300265 0.33244 0.2124598 0.3473382 0.3821169 0.3410024 0.3580155 0.3554573 0.3407807 0.3308525 0.023965 0.3984569 0.3905481 0.4272397 0.374894 0.381792 0.4030486 0.3679295 0.3919638 0.3633172 0.3712616 0.3633016 0.3840235 0.3794877 0.3731158 0.3318351 0.3680468 0.3894982 0.3700746 0.3674271 0.3534372 0.3669093 0.3669255 0.3625509 0.3604594 0.3855482 0.2837987 0.3823533 0.3814498 0.3436355 0.4144381 0.3512351 0.3556138 0.3529247 0.3706075 0.3675979 0.3771388 0.3692552 0.3336664 0.3459735 0.3481318 0.3484463 0.4764522 0.3469918 0.408415 0.4119629 0.3517541 0.3488041 0.342629 0.3403717 0.3240978 0.3787954 0.3392896 0.3803396 0.3802343 0.3587881 0.3302177 0.3305331 
G000210615 0.364839 0.1741713 0.3245467 0.2927372 0.1857809 0.2446638 0.2587747 0.3310137 0.3298334 0.2314299 0.3232498 0.0 0.3573952 0.3405429 0.2369995 0.2247473 0.2381671 0.3255392 0.2873374 0.2912276 0.3271143 0.2706307 0.3709904 0.2926204 0.3363865 0.336261 0.2745549 0.1901652 0.3365279 0.3515033 0.2905899 0.4274039 0.0222584 0.2591972 0.3917513 0.3549622 0.3203683 0.3173374 0.3353902 0.2385164 0.0241608 0.350183 0.3416192 0.3014853 0.3446241 0.3694961 0.3363868 0.3382255 0.3346472 0.3420198 0.3419932 0.34026 0.3257283 0.3681822 0.3462077 0.3590141 0.3625855 0.2796068 0.3482647 0.2875215 0.3364637 0.3261377 0.3375582 0.333911 0.3429873 0.3367432 0.3057699 0.1811975 0.3385845 0.29468 0.4321028 0.2547403 0.4107812 0.4139533 0.3029359 0.2959605 0.2761678 0.3288937 0.2165679 0.3514464 0.3290632 0.3637188 0.3640966 0.2359718 0.3226735 0.1911938 
G000227355 0.2385573 0.3688116 0.344237 0.3277741 0.3859282 0.3869681 0.3808805 0.3663098 0.406067 0.3915219 0.3947628 0.3573952 0.0 0.3113324 0.3896342 0.3844079 0.3531395 0.3820047 0.3704933 0.3855991 0.3485179 0.39297 0.4123351 0.3979321 0.3024352 0.30138 0.3822751 0.372555 0.4284857 0.3505496 0.4300875 0.38748 0.403373 0.4336246 0.3837546 0.3455455 0.4185405 0.4307278 0.301282 0.4022194 0.4084717 0.3356885 0.3157859 0.3732155 0.3265797 0.2967895 0.3257318 0.3066943 0.3072672 0.3112785 0.383526 0.3861259 0.3432517 0.2912241 0.4185451 0.3948435 0.4147864 0.341361 0.34985 0.3615381 0.3068031 0.3517736 0.3026914 0.3044944 0.3301393 0.3008324 0.3749623 0.3932599 0.4086061 0.4148857 0.4587841 0.3900823 0.475349 0.4942297 0.3978559 0.4104642 0.3810259 0.3672736 0.3506079 0.4166139 0.3646279 0.4150086 0.4147737 0.4176248 0.3899821 0.3647293 
G000236085 0.3204147 0.3416913 0.3133829 0.3007959 0.3534139 0.3637417 0.3533982 0.3373612 0.3740272 0.3642572 0.3664726 0.3405429 0.3113324 0.0 0.3621915 0.3577435 0.3268225 0.3505247 0.3435967 0.3621594 0.3178235 0.3641955 0.3815241 0.3635032 0.1938285 0.1942334 0.3487948 0.3510552 0.3796413 0.3470978 0.4035146 0.4053425 0.3909049 0.4019381 0.3700169 0.3339901 0.4024029 0.3960749 0.2519282 0.3721598 0.3783202 0.2833764 0.2665814 0.343662 0.2712232 0.3347678 0.2743452 0.2514106 0.2023682 0.2569585 0.3509306 0.3482171 0.3230191 0.3241658 0.3994443 0.3845798 0.397851 0.308269 0.1460486 0.3229476 0.203662 0.3207817 0.2585327 0.2592632 0.0800338 0.2528022 0.3462391 0.3652243 0.3714376 0.3818749 0.37703 0.3621171 0.476946 0.4809014 0.3635042 0.3790666 0.3495644 0.3357 0.3306221 0.3986495 0.3363096 0.4010765 0.4007778 0.3667867 0.3634973 0.3446825 
G000242195 0.3910496 0.2325921 0.3404487 0.2907345 0.2433201 0.3179974 0.2497015 0.3542689 0.3463825 0.0075286 0.3453791 0.2369995 0.3896342 0.3621915 0.0 0.2030509 0.2189458 0.3403374 0.288936 0.3221059 0.3391478 0.0219172 0.4019572 0.3331391 0.3588333 0.358376 0.3154522 0.3039095 0.3150473 0.3784326 0.3770914 0.4822449 0.3381635 0.005077 0.4234172 0.3764537 0.2841185 0.3848782 0.3583755 0.0083326 0.3357218 0.3805068 0.3651174 0.3017645 0.3746241 0.3901955 0.3692515 0.3608259 0.3584748 0.3656211 0.3644484 0.3593506 0.2588476 0.3865484 0.3552858 0.3855868 0.3869734 0.2422711 0.3625456 0.3364454 0.3590744 0.3238892 0.3565869 0.3572459 0.3610731 0.3606107 0.267424 0.0086562 0.3483795 0.3286739 0.49655 0.0151702 0.3947683 0.3981263 0.3325435 0.3306467 0.3200027 0.3470033 0.2879833 0.3863081 0.3470107 0.3876211 0.3882691 0.0073393 0.3187205 0.2525037 
G000242955 0.3836731 0.2430258 0.3336622 0.3092053 0.2453116 0.2224333 0.0178129 0.3428138 0.3463661 0.2149462 0.3390923 0.2247473 0.3844079 0.3577435 0.2030509 0.0 0.223015 0.3370787 0.2874319 0.3160261 0.3360438 0.2303871 0.3884081 0.323315 0.3566175 0.3549512 0.3061428 0.2903509 0.3273005 0.3712268 0.3498909 0.4584043 0.3151888 0.2340807 0.4018451 0.3693984 0.27088 0.3695437 0.3637757 0.2094156 0.3131548 0.3758618 0.3676373 0.1876314 0.3714257 0.3876826 0.3660752 0.3605713 0.3534906 0.3644209 0.3562323 0.3548727 0.2112979 0.3818531 0.3519412 0.3749176 0.3776162 0.2467812 0.3739048 0.3263877 0.3538235 0.3332398 0.3619374 0.3582126 0.363277 0.3620718 0.3017137 0.2084035 0.3472059 0.320133 0.4996296 0.2123607 0.3885152 0.3935475 0.3294504 0.3226211 0.3089528 0.3427529 0.2149721 0.3766294 0.3430947 0.3782856 0.3786488 0.2176445 0.3194886 0.2724694 
G000269565 0.3582607 0.3013601 0.2462247 0.2321377 0.2547886 0.3066986 0.3355965 0.2796 0.3645334 0.2290051 0.3566525 0.2381671 0.3531395 0.3268225 0.2189458 0.223015 0.0 0.3415761 0.2924889 0.3476184 0.280319 0.2473478 0.3622918 0.3296976 0.3220872 0.3241031 0.3417047 0.3197565 0.3056817 0.3395807 0.3904915 0.4391593 0.3554132 0.2728129 0.3710624 0.3412927 0.363673 0.3003139 0.3288983 0.2253897 0.2242207 0.3502955 0.3413692 0.3280983 0.3486774 0.377979 0.3440345 0.3306773 0.3213559 0.3339745 0.2947421 0.2951686 0.2296307 0.36826 0.3835645 0.3034365 0.3045252 0.1901264 0.4228335 0.2688559 0.320387 0.1655227 0.3372319 0.333497 0.340878 0.3305037 0.3304094 0.2230812 0.3462408 0.3662855 0.4399777 0.2257793 0.4355134 0.4458477 0.3569262 0.3645222 0.3435768 0.2881149 0.2538336 0.3154433 0.2868854 0.3168137 0.3168654 0.2324946 0.3074565 0.3066251 
G000270085 0.3835785 0.3226132 0.3332288 0.3296414 0.3291232 0.3350131 0.3355293 0.3412235 0.336056 0.34092 0.333624 0.3255392 0.3820047 0.3505247 0.3403374 0.3370787 0.3415761 0.0 0.3247472 0.3356413 0.3428637 0.3439961 0.1250812 0.3390297 0.3415754 0.3407389 0.3351452 0.3310391 0.3556297 0.3805007 0.3869503 0.4523513 0.3742373 0.36792 0.3987294 0.3621752 0.390495 0.3762861 0.3553582 0.3586365 0.3775339 0.3625713 0.3551866 0.3234453 0.3579918 0.3801514 0.3606394 0.3525909 0.3429143 0.3495216 0.3666449 0.3639511 0.3414985 0.3739788 0.3518133 0.380784 0.3861901 0.3303485 0.3727917 0.3330354 0.3433084 0.3420097 0.3537688 0.3489071 0.3593878 0.3572525 0.325662 0.3423705 0.2746509 0.3469921 0.4765049 0.3401896 0.3852578 0.3908209 0.348627 0.3491458 0.338035 0.3472288 0.320848 0.388535 0.3441611 0.3908674 0.3907514 0.3527732 0.3336881 0.3305912 
G000313565 0.3749202 0.2677512 0.3216881 0.3263924 0.2882923 0.3146561 0.3001791 0.3387563 0.3359403 0.2894815 0.3300265 0.2873374 0.3704933 0.3435967 0.288936 0.2874319 0.2924889 0.3247472 0.0 0.2140782 0.3301507 0.2957435 0.3721799 0.3265612 0.339825 0.3407865 0.3199143 0.3070225 0.3483537 0.3681013 0.3622733 0.462024 0.33426 0.2549119 0.3947438 0.3580547 0.3289967 0.3609036 0.3443842 0.2716257 0.343995 0.3663464 0.3519359 0.0633742 0.3621025 0.3779635 0.3555474 0.3468883 0.3389082 0.3504195 0.3587414 0.3540393 0.330618 0.3793526 0.3448868 0.3771258 0.3767284 0.3030319 0.3461164 0.3280988 0.3420421 0.3228322 0.3424695 0.3413579 0.3415111 0.3463327 0.0638633 0.2664541 0.3365893 0.3309922 0.4768678 0.2706326 0.3944702 0.3966734 0.3279704 0.3318118 0.320776 0.3388314 0.2676085 0.379329 0.3384781 0.3746935 0.3750333 0.2701532 0.3135854 0.3042183 
G000327285 0.3877484 0.3126279 0.3463033 0.3448925 0.3317592 0.1415742 0.3214171 0.3558795 0.3314983 0.3213783 0.33244 0.2912276 0.3855991 0.3621594 0.3221059 0.3160261 0.3476184 0.3356413 0.2140782 0.0 0.3509868 0.2816087 0.4036825 0.3421838 0.3589879 0.3593686 0.3368162 0.3290731 0.3423533 0.3677418 0.4104095 0.4828111 0.3767443 0.2603823 0.3979892 0.3763404 0.3665676 0.383544 0.3619107 0.3368528 0.3812456 0.3827547 0.3685832 0.3137227 0.3805495 0.3930081 0.3695406 0.3648301 0.3572981 0.3687689 0.3778616 0.3755301 0.3573278 0.3916095 0.3276116 0.4018877 0.4026402 0.3420152 0.3621123 0.274042 0.3574878 0.3450604 0.3603874 0.3590839 0.3606035 0.3619336 0.3157251 0.3189999 0.3416567 0.3355858 0.5158052 0.3229083 0.3656489 0.3688996 0.3443352 0.3363504 0.337218 0.3564259 0.2732485 0.4020291 0.3556524 0.4030616 0.4037946 0.3305705 0.1510995 0.2712182 
G000340375 0.3593992 0.3240743 0.2872122 0.2769866 0.33308 0.3525889 0.333124 0.2703211 0.2114507 0.3424033 0.2124598 0.3271143 0.3485179 0.3178235 0.3391478 0.3360438 0.280319 0.3428637 0.3301507 0.3509868 0.0 0.3392994 0.3670838 0.3369964 0.3161473 0.3175238 0.3327776 0.3334981 0.2295681 0.3400972 0.3818071 0.4260392 0.3638421 0.375752 0.3754649 0.3374233 0.3732419 0.2861554 0.3157292 0.3452805 0.3644677 0.3398575 0.3300955 0.3269156 0.3401066 0.3641565 0.3347869 0.3217076 0.3157811 0.3261072 0.2619846 0.2625908 0.2851843 0.3609948 0.3765835 0.2675291 0.2709024 0.2735199 0.3374175 0.2952379 0.3173172 0.2743429 0.3263601 0.3244723 0.3199608 0.3234799 0.3298042 0.3426649 0.3635804 0.3447979 0.4303503 0.338522 0.4153576 0.4222143 0.3378038 0.3454872 0.3325859 0.2540991 0.3140722 0.2726387 0.2536569 0.2717082 0.2716702 0.3485329 0.3509924 0.3246906 
G000371425 0.3924333 0.2295883 0.3418214 0.3050523 0.2551676 0.2696211 0.2504523 0.3463025 0.3503771 0.0210623 0.3473382 0.2706307 0.39297 0.3641955 0.0219172 0.2303871 0.2473478 0.3439961 0.2957435 0.2816087 0.3392994 0.0 0.4020293 0.3156 0.3598946 0.36059 0.3170204 0.2746364 0.3579929 0.3784205 0.3772923 0.4845465 0.3415645 0.0208762 0.421237 0.3779908 0.2512664 0.3830298 0.3611249 0.0220918 0.3281563 0.3824319 0.3673051 0.3027159 0.376506 0.3928658 0.3710202 0.3633507 0.3608003 0.3677039 0.3666803 0.3617004 0.2727204 0.3926516 0.3572069 0.3874005 0.3461886 0.2534146 0.3640946 0.3238741 0.3609182 0.3242936 0.3580857 0.3590367 0.3624171 0.3622699 0.3030596 0.022226 0.3500659 0.3306471 0.5089828 0.0232223 0.3959091 0.399 0.3336766 0.3326383 0.3214974 0.349187 0.2668673 0.3876067 0.3497572 0.3459 0.3461063 0.0219466 0.3239599 0.2637723 
G000373785 0.4160806 0.3708138 0.3579137 0.3483121 0.3670023 0.4171063 0.3870179 0.3747401 0.3895928 0.4031585 0.3821169 0.3709904 0.4123351 0.3815241 0.4019572 0.3884081 0.3622918 0.1250812 0.3721799 0.4036825 0.3670838 0.4020293 0.0 0.3718083 0.3748527 0.3761252 0.3802502 0.3773454 0.3810364 0.3778955 0.3918578 0.41015 0.3737713 0.4073423 0.3965834 0.3997023 0.390292 0.3946844 0.394185 0.4025467 0.3771301 0.4135722 0.4045849 0.3702379 0.3906456 0.4403817 0.3947479 0.3912088 0.4021562 0.3971277 0.3734741 0.3722386 0.3548211 0.4270636 0.4341786 0.373671 0.3850285 0.3519774 0.394736 0.3658901 0.3971511 0.3632409 0.3895268 0.3764601 0.3812098 0.3839756 0.3707438 0.4041699 0.2933565 0.4153988 0.4216169 0.4023385 0.3871634 0.3935216 0.3945886 0.4161905 0.3808238 0.3793527 0.3627754 0.3867417 0.3745546 0.3888393 0.3886557 0.4020008 0.4037675 0.3755131 
G000384195 0.4073195 0.3084287 0.3418896 0.3331081 0.2811727 0.3215384 0.3240661 0.3395721 0.3488094 0.332395 0.3410024 0.2926204 0.3979321 0.3635032 0.3331391 0.323315 0.3296976 0.3390297 0.3265612 0.3421838 0.3369964 0.3156 0.3718083 0.0 0.3544034 0.3541712 0.2948294 0.2507237 0.3260805 0.361639 0.3259534 0.4461959 0.3133641 0.3634455 0.3920057 0.3712751 0.3481729 0.3723841 0.3664432 0.344581 0.3218426 0.3750938 0.3725146 0.3267207 0.372518 0.3896029 0.3611869 0.3619261 0.3540825 0.3629316 0.3523436 0.3501004 0.3470441 0.3922112 0.3567821 0.3643402 0.2741973 0.3291466 0.3802963 0.3401609 0.354775 0.3446509 0.3693443 0.366313 0.3679048 0.3673191 0.3293629 0.3338462 0.3567697 0.296651 0.4354674 0.3323566 0.4155387 0.4188884 0.2779784 0.2971645 0.2957975 0.3390034 0.3200861 0.3770859 0.3396985 0.3321576 0.332126 0.3403762 0.3231596 0.2264687 
G000400935 0.3116824 0.3391957 0.3114326 0.3020464 0.3460241 0.3604873 0.3531617 0.3381038 0.3570997 0.3607985 0.3580155 0.3363865 0.3024352 0.1938285 0.3588333 0.3566175 0.3220872 0.3415754 0.339825 0.3589879 0.3161473 0.3598946 0.3748527 0.3544034 0.0 0.0750129 0.3459346 0.3474073 0.3728285 0.3371514 0.3947519 0.420898 0.3909083 0.3953469 0.3904885 0.3373965 0.4016533 0.3818927 0.2498206 0.3675323 0.3751737 0.2771597 0.2641197 0.3414699 0.270603 0.3243243 0.2676193 0.2479685 0.2021206 0.2545317 0.3465071 0.3459863 0.3199897 0.3251432 0.3906135 0.3824106 0.3836934 0.3086942 0.2041057 0.3230302 0.200714 0.31727 0.2556965 0.2558313 0.2011778 0.2517102 0.3427325 0.3619118 0.3645825 0.3768009 0.37559 0.3583648 0.4376777 0.4434448 0.3571495 0.3736374 0.3454649 0.3360697 0.3315774 0.3850079 0.3348051 0.3858136 0.3856556 0.3629899 0.3599076 0.3412883 
G000400955 0.3112499 0.340194 0.312552 0.2998042 0.3420278 0.3608598 0.3513525 0.3374118 0.360964 0.3604315 0.3554573 0.336261 0.30138 0.1942334 0.358376 0.3549512 0.3241031 0.3407389 0.3407865 0.3593686 0.3175238 0.36059 0.3761252 0.3541712 0.0750129 0.0 0.3450723 0.347024 0.3709301 0.3384073 0.3943822 0.4148897 0.3961116 0.3953096 0.3837027 0.3368007 0.4085663 0.3770944 0.249974 0.3676028 0.3799625 0.2755035 0.2626245 0.3426531 0.2651427 0.3194334 0.2681739 0.246217 0.2016614 0.2563125 0.3439293 0.3438616 0.3202244 0.3248058 0.3898238 0.3784805 0.3888845 0.3065352 0.2018368 0.3223991 0.2031275 0.3192605 0.2554798 0.2551626 0.2016487 0.2508888 0.3437352 0.3619485 0.3618751 0.3742474 0.4473347 0.3579965 0.4358409 0.4414329 0.357338 0.3728473 0.3450571 0.3329671 0.3312272 0.3906726 0.3333779 0.3932025 0.3930732 0.3630759 0.3599088 0.3412556 
G000403415 0.3942545 0.2943477 0.3357813 0.3327035 0.2837158 0.3387979 0.304969 0.3436771 0.3340563 0.3138028 0.3407807 0.2745549 0.3822751 0.3487948 0.3154522 0.3061428 0.3417047 0.3351452 0.3199143 0.3368162 0.3327776 0.3170204 0.3802502 0.2948294 0.3459346 0.3450723 0.0 0.2757982 0.3549987 0.3663878 0.3223283 0.4214473 0.2975053 0.333019 0.4033933 0.3725255 0.3313134 0.3810854 0.347138 0.3255253 0.2986324 0.3699907 0.3543187 0.3181505 0.3605188 0.3796854 0.3524722 0.3491639 0.3457574 0.353934 0.3566231 0.3529408 0.3370288 0.3785567 0.3474081 0.3749077 0.380128 0.3279155 0.353212 0.3351698 0.3485967 0.3363301 0.3499941 0.3496397 0.349845 0.3501614 0.3202474 0.312159 0.3502807 0.2855588 0.4681198 0.3158276 0.3967009 0.3985139 0.296262 0.2764786 0.1849474 0.3372874 0.3112004 0.3780244 0.3380991 0.3774265 0.3779415 0.3227997 0.3375618 0.2950058 
G000420345 0.3781187 0.2827142 0.3344897 0.333575 0.2637173 0.30342 0.2891259 0.3383252 0.3302887 0.3022231 0.3308525 0.1901652 0.372555 0.3510552 0.3039095 0.2903509 0.3197565 0.3310391 0.3070225 0.3290731 0.3334981 0.2746364 0.3773454 0.2507237 0.3474073 0.347024 0.2757982 0.0 0.308953 0.3654438 0.2956092 0.4283682 0.2011909 0.3242654 0.3879358 0.3698508 0.3232594 0.3716964 0.3519177 0.3153002 0.2051593 0.3637697 0.35502 0.3067167 0.3583148 0.3786542 0.3493857 0.3529162 0.3456356 0.3534212 0.3540508 0.3480169 0.3378056 0.3749484 0.3469076 0.3674548 0.2450997 0.3151416 0.3618605 0.3382183 0.3455835 0.3379479 0.3520816 0.3503497 0.3539602 0.3533894 0.3087825 0.3018585 0.3458343 0.2935396 0.4620582 0.3032604 0.3954148 0.3982472 0.3014063 0.2946609 0.2813258 0.3371413 0.2436796 0.3684828 0.3373588 0.3785828 0.3790363 0.3126566 0.3046437 0.2396541 
G000425005 0.4188926 0.3398203 0.3610029 0.3646506 0.345787 0.2536476 0.3516466 0.3548941 0.228662 0.3569363 0.023965 0.3365279 0.4284857 0.3796413 0.3150473 0.3273005 0.3056817 0.3556297 0.3483537 0.3423533 0.2295681 0.3579929 0.3810364 0.3260805 0.3728285 0.3709301 0.3549987 0.308953 0.0 0.388119 0.3888765 0.4275236 0.3745421 0.3833914 0.4018754 0.3889963 0.3804618 0.3842375 0.3967704 0.3749312 0.3796414 0.398094 0.3956071 0.3509111 0.3914755 0.4119906 0.3925676 0.3925752 0.3680804 0.3852632 0.3682843 0.3647055 0.3784808 0.4140853 0.297377 0.3652916 0.3282985 0.3274762 0.4351915 0.3402135 0.3712478 0.3617107 0.391575 0.3851588 0.3960437 0.3908122 0.3514897 0.3589375 0.3742886 0.3669844 0.4646832 0.3599495 0.4106808 0.4139343 0.3645803 0.3666202 0.3556013 0.3407484 0.3353457 0.3904071 0.3407394 0.3859158 0.3858153 0.3695191 0.2539828 0.3155246 
G000433015 0.3599949 0.35159 0.3357207 0.3273559 0.3703779 0.3743343 0.3686259 0.3614731 0.3816644 0.3800071 0.3984569 0.3515033 0.3505496 0.3470978 0.3784326 0.3712268 0.3395807 0.3805007 0.3681013 0.3677418 0.3400972 0.3784205 0.3778955 0.361639 0.3371514 0.3384073 0.3663878 0.3654438 0.388119 0.0 0.3879609 0.3969286 0.3822949 0.3863401 0.3245985 0.3250526 0.3896608 0.4007635 0.349439 0.3877725 0.3827952 0.4062739 0.3811208 0.369066 0.3733711 0.4248311 0.3602364 0.3547324 0.3606099 0.3671351 0.3821709 0.3802967 0.3319288 0.3810517 0.4382597 0.3807602 0.3791611 0.3250949 0.3649258 0.3403678 0.3562746 0.3392493 0.3646154 0.3647548 0.3556956 0.3536856 0.3769092 0.3808598 0.4045737 0.4171232 0.3884994 0.3770493 0.4180667 0.4229752 0.3857087 0.4136683 0.3639589 0.3683649 0.3374394 0.3882076 0.3657749 0.3869779 0.3870968 0.3932052 0.3755071 0.3504051 
G000434355 0.440079 0.3514408 0.3676297 0.3647616 0.2430988 0.4078978 0.3499527 0.3687262 0.3952044 0.3773135 0.3905481 0.2905899 0.4300875 0.4035146 0.3770914 0.3498909 0.3904915 0.3869503 0.3622733 0.4104095 0.3818071 0.3772923 0.3918578 0.3259534 0.3947519 0.3943822 0.3223283 0.2956092 0.3888765 0.3879609 0.0 0.42542 0.2867595 0.3791688 0.3865958 0.4128185 0.3601419 0.3780644 0.4183474 0.379477 0.2903871 0.4201198 0.4502184 0.3665801 0.4313875 0.39396 0.4232697 0.4269315 0.3943321 0.4230182 0.3845515 0.3875625 0.3626248 0.4339244 0.4651575 0.3857624 0.3747394 0.3513153 0.4668062 0.3864627 0.3990704 0.367052 0.4619738 0.4187023 0.4232369 0.423825 0.3667745 0.3780559 0.3902356 0.3696925 0.4343947 0.3744441 0.4278952 0.4289654 0.3497452 0.3693251 0.3234089 0.3836082 0.350219 0.3770602 0.3887944 0.3709231 0.370956 0.3779882 0.4106114 0.3363143 
G000434395 0.38466 0.4317171 0.4268059 0.4020878 0.4274228 0.4991611 0.4611905 0.4504237 0.4294642 0.4798785 0.4272397 0.4274039 0.38748 0.4053425 0.4822449 0.4584043 0.4391593 0.4523513 0.462024 0.4828111 0.4260392 0.4845465 0.41015 0.4461959 0.420898 0.4148897 0.4214473 0.4283682 0.4275236 0.3969286 0.42542 0.0 0.4383692 0.43055 0.3852396 0.3720187 0.41923 0.4605366 0.3928765 0.4828974 0.4384495 0.4150868 0.4225178 0.4441284 0.4043532 0.38737 0.3978233 0.3955306 0.4176986 0.4270407 0.4282221 0.4281786 0.4439578 0.39024 0.4705571 0.41511 0.504111 0.4130489 0.4281761 0.4353367 0.4215984 0.4233398 0.4088803 0.4097055 0.4078282 0.3922271 0.4468954 0.4790787 0.4729375 0.474576 0.41149 0.480062 0.42525 0.42696 0.4381318 0.4733745 0.4358991 0.4278267 0.4277375 0.4876875 0.4255842 0.5302406 0.5302873 0.4809027 0.4874466 0.4311291 
G000434715 0.4407544 0.3120977 0.3418525 0.334121 0.2454022 0.3759963 0.314207 0.3561911 0.3900781 0.3381183 0.374894 0.0222584 0.403373 0.3909049 0.3381635 0.3151888 0.3554132 0.3742373 0.33426 0.3767443 0.3638421 0.3415645 0.3737713 0.3133641 0.3909083 0.3961116 0.2975053 0.2011909 0.3745421 0.3822949 0.2867595 0.4383692 0.0 0.3339258 0.3914287 0.4147611 0.3169105 0.3810411 0.3854547 0.316861 0.0150813 0.4040244 0.4075006 0.335541 0.4048704 0.4420524 0.391844 0.3842268 0.385044 0.4039197 0.3594258 0.3652331 0.3481589 0.4393689 0.4146522 0.3630945 0.3708787 0.3364114 0.4150852 0.3609832 0.3795947 0.3532133 0.3986087 0.3834835 0.3972331 0.3891762 0.3380918 0.3390009 0.3924416 0.3334405 0.4327901 0.3376589 0.4122333 0.4162012 0.3265755 0.3337125 0.2982491 0.3630029 0.3069492 0.371542 0.3653796 0.3714107 0.3719604 0.3374466 0.3749597 0.3068706 
G000435955 0.4279555 0.2661218 0.3703972 0.3506945 0.317803 0.3452874 0.2580725 0.3828552 0.3820525 0.006293 0.381792 0.2591972 0.4336246 0.4019381 0.005077 0.2340807 0.2728129 0.36792 0.2549119 0.2603823 0.375752 0.0208762 0.4073423 0.3634455 0.3953469 0.3953096 0.333019 0.3242654 0.3833914 0.3863401 0.3791688 0.43055 0.3339258 0.0 0.4245526 0.4126751 0.2840071 0.4013994 0.3981883 0.0076037 0.3449502 0.4224791 0.4106816 0.3180405 0.4085931 0.4189845 0.407073 0.4014042 0.4018313 0.4128702 0.3885301 0.3786901 0.3736104 0.4132787 0.3885331 0.3960519 0.3923168 0.3342648 0.397393 0.3684938 0.4038633 0.3549174 0.3950167 0.3970384 0.3989098 0.4028564 0.2728129 0.007495 0.3743273 0.3593795 0.5013711 0.01471 0.396455 0.4002086 0.3560376 0.362431 0.3403554 0.3759695 0.3244981 0.3935176 0.3774148 0.3937804 0.3945716 0.0066588 0.3469227 0.310096 
G000437235 0.390577 0.3894414 0.3702881 0.35917 0.3811068 0.3994446 0.4036413 0.3840407 0.3948357 0.4217414 0.4030486 0.3917513 0.3837546 0.3700169 0.4234172 0.4018451 0.3710624 0.3987294 0.3947438 0.3979892 0.3754649 0.421237 0.3965834 0.3920057 0.3904885 0.3837027 0.4033933 0.3879358 0.4018754 0.3245985 0.3865958 0.3852396 0.3914287 0.4245526 0.0 0.2789336 0.4112001 0.3987544 0.3815621 0.421366 0.4056815 0.353 0.4175168 0.4029564 0.3979758 0.4415089 0.3952057 0.3835075 0.3858703 0.428892 0.3873149 0.3892973 0.3641839 0.4178232 0.4753421 0.3872871 0.4023969 0.3506215 0.4004503 0.3924347 0.3820343 0.3766421 0.3796236 0.3881045 0.3766244 0.3808896 0.4030741 0.4232793 0.4207581 0.481995 0.3503998 0.4230197 0.4187948 0.421511 0.4115654 0.4786986 0.4037842 0.386416 0.3931826 0.4035643 0.3874111 0.3998831 0.3998826 0.4207758 0.4002504 0.396413 
G000437395 0.3500046 0.3564271 0.3296622 0.3288347 0.3653504 0.3758293 0.3659295 0.3544692 0.3843212 0.3784388 0.3679295 0.3549622 0.3455455 0.3339901 0.3764537 0.3693984 0.3412927 0.3621752 0.3580547 0.3763404 0.3374233 0.3779908 0.3997023 0.3712751 0.3373965 0.3368007 0.3725255 0.3698508 0.3889963 0.3250526 0.4128185 0.3720187 0.4147611 0.4126751 0.2789336 0.0 0.454038 0.394738 0.3312045 0.3939648 0.4134152 0.3448826 0.343325 0.3574988 0.3425261 0.3730691 0.3333837 0.3322185 0.3368133 0.3427658 0.3769233 0.3753458 0.3348454 0.3678541 0.4057377 0.3873778 0.3888188 0.3288819 0.3583057 0.343834 0.3409169 0.3423926 0.3349381 0.3367495 0.3397161 0.3365778 0.3630079 0.3795912 0.3934633 0.4011629 0.3553318 0.3752901 0.428069 0.4408047 0.3782266 0.4009843 0.3729184 0.3494004 0.3446087 0.3903147 0.3502616 0.3957736 0.395667 0.3949599 0.3765352 0.3632106 
G000437615 0.38406 0.0120584 0.350361 0.3326809 0.3127711 0.3537217 0.2723154 0.3761895 0.3949946 0.2844037 0.3919638 0.3203683 0.4185405 0.4024029 0.2841185 0.27088 0.363673 0.390495 0.3289967 0.3665676 0.3732419 0.2512664 0.390292 0.3481729 0.4016533 0.4085663 0.3313134 0.3232594 0.3804618 0.3896608 0.3601419 0.41923 0.3169105 0.2840071 0.4112001 0.454038 0.0 0.3828116 0.3936953 0.2850788 0.3194249 0.4404364 0.4102895 0.3279597 0.4079542 0.38702 0.4067564 0.3893224 0.4039558 0.4233372 0.3771025 0.3772013 0.3553307 0.4494306 0.4134541 0.3792895 0.3892093 0.3354747 0.3993088 0.3669693 0.3976673 0.3687767 0.3997974 0.3995591 0.3974865 0.3959014 0.3282308 0.2843502 0.3960225 0.3736175 0.42549 0.2841771 0.4335195 0.4387093 0.365335 0.3717822 0.3393099 0.3802912 0.3130189 0.3960579 0.3764016 0.3935177 0.3934572 0.2845178 0.3706639 0.301468 
G000437715 0.4558804 0.3675526 0.306735 0.3017952 0.350123 0.3979617 0.3720691 0.0487972 0.4056095 0.3853848 0.3633172 0.3173374 0.4307278 0.3960749 0.3848782 0.3695437 0.3003139 0.3762861 0.3609036 0.383544 0.2861554 0.3830298 0.3946844 0.3723841 0.3818927 0.3770944 0.3810854 0.3716964 0.3842375 0.4007635 0.3780644 0.4605366 0.3810411 0.4013994 0.3987544 0.394738 0.3828116 0.0 0.4488397 0.3796592 0.3656455 0.4202662 0.4120247 0.3629085 0.4010223 0.4452486 0.4072888 0.4056855 0.3822662 0.3972913 0.2517527 0.2509387 0.3091219 0.4348067 0.4121309 0.2496187 0.2351885 0.2660155 0.366 0.321434 0.3827749 0.2951989 0.4496297 0.4293774 0.36505 0.4195133 0.3645637 0.3815393 0.3936021 0.4054469 0.4317412 0.3809995 0.5094458 0.40721 0.3789818 0.4004759 0.3901853 0.249375 0.3418033 0.241394 0.2500102 0.2400105 0.2399871 0.3822773 0.3933714 0.3604858 
G000439435 0.3149856 0.3417888 0.3146137 0.3028045 0.3601069 0.363185 0.3587418 0.3389027 0.3868815 0.3617707 0.3712616 0.3353902 0.301282 0.2519282 0.3583755 0.3637757 0.3288983 0.3553582 0.3443842 0.3619107 0.3157292 0.3611249 0.394185 0.3664432 0.2498206 0.249974 0.347138 0.3519177 0.3967704 0.349439 0.4183474 0.3928765 0.3854547 0.3981883 0.3815621 0.3312045 0.3936953 0.4488397 0.0 0.3677021 0.3723209 0.2602154 0.2149735 0.3446261 0.2521688 0.3243142 0.2520798 0.1912394 0.2504274 0.2303256 0.3507759 0.3520619 0.3261338 0.3194226 0.4001702 0.3854488 0.4010253 0.3115075 0.3112134 0.3255197 0.2521605 0.3268821 0.2085451 0.2045041 0.2659377 0.1809642 0.3462655 0.3633887 0.3917186 0.3804078 0.4419501 0.3598926 0.4618448 0.4698391 0.3666668 0.375367 0.3492192 0.3407198 0.3293034 0.404391 0.3408915 0.3961373 0.3959888 0.365555 0.3633504 0.340429 
G000450985 0.4014602 0.2607698 0.3514329 0.3008859 0.2492445 0.3370709 0.2551777 0.3608249 0.3671732 0.0066316 0.3633016 0.2385164 0.4022194 0.3721598 0.0083326 0.2094156 0.2253897 0.3586365 0.2716257 0.3368528 0.3452805 0.0220918 0.4025467 0.344581 0.3675323 0.3676028 0.3255253 0.3153002 0.3749312 0.3877725 0.379477 0.4828974 0.316861 0.0076037 0.421366 0.3939648 0.2850788 0.3796592 0.3677021 0.0 0.3349952 0.3890199 0.3753567 0.3116852 0.3852848 0.3992585 0.384569 0.3714395 0.366799 0.3764154 0.3678048 0.366516 0.264354 0.4046198 0.3720048 0.385946 0.3866495 0.2549984 0.3723818 0.3503109 0.3685721 0.3314969 0.3672101 0.3680911 0.371799 0.3708546 0.2710319 0.0072979 0.3657809 0.3421688 0.4910619 0.0151445 0.3938167 0.3974494 0.3409267 0.3425892 0.3298699 0.3558872 0.2636532 0.3872797 0.3558923 0.3876045 0.3882637 0.0069838 0.337524 0.298682 
G000469305 0.4338343 0.2459207 0.3470981 0.3320861 0.2526766 0.3921542 0.3189707 0.3601319 0.3998556 0.3381212 0.3840235 0.0241608 0.4084717 0.3783202 0.3357218 0.3131548 0.2242207 0.3775339 0.343995 0.3812456 0.3644677 0.3281563 0.3771301 0.3218426 0.3751737 0.3799625 0.2986324 0.2051593 0.3796414 0.3827952 0.2903871 0.4384495 0.0150813 0.3449502 0.4056815 0.4134152 0.3194249 0.3656455 0.3723209 0.3349952 0.0 0.4011737 0.388801 0.347619 0.396415 0.4187525 0.3845376 0.3742109 0.3770927 0.3877252 0.3684092 0.36829 0.3348826 0.4184897 0.4349059 0.3677755 0.3276344 0.3235385 0.3964984 0.3576459 0.373022 0.3498211 0.3796664 0.3708668 0.3799145 0.3751141 0.3500971 0.3375302 0.3913079 0.3493932 0.4350771 0.334027 0.4272344 0.4337256 0.3326496 0.3488591 0.3065082 0.3687571 0.2371973 0.3294155 0.3688316 0.3250327 0.325011 0.3382385 0.3895306 0.282792 
G000483165 0.3458 0.3575705 0.3379709 0.3247388 0.3631509 0.3824402 0.3745644 0.358591 0.3822958 0.3831036 0.3794877 0.350183 0.3356885 0.2833764 0.3805068 0.3758618 0.3502955 0.3625713 0.3663464 0.3827547 0.3398575 0.3824319 0.4135722 0.3750938 0.2771597 0.2755035 0.3699907 0.3637697 0.398094 0.4062739 0.4201198 0.4150868 0.4040244 0.4224791 0.353 0.3448826 0.4404364 0.4202662 0.2602154 0.3890199 0.4011737 0.0 0.2694612 0.3670154 0.234843 0.3470614 0.2329509 0.2512086 0.2818671 0.2534567 0.3587248 0.3589925 0.3627653 0.3507961 0.4085526 0.437095 0.4093688 0.3309888 0.3173099 0.3435176 0.2833898 0.3484237 0.2697087 0.263556 0.2946913 0.2590244 0.3681249 0.3837235 0.3882269 0.3907849 0.4295835 0.3796905 0.3733 0.37596 0.3780873 0.387444 0.3648762 0.3536419 0.3523378 0.4110554 0.3530337 0.4100863 0.4115695 0.3879132 0.3837772 0.363316 
G000500935 0.329002 0.3495004 0.3310329 0.3168756 0.3650536 0.370019 0.3640446 0.3465663 0.3814749 0.3670574 0.3731158 0.3416192 0.3157859 0.2665814 0.3651174 0.3676373 0.3413692 0.3551866 0.3519359 0.3685832 0.3300955 0.3673051 0.4045849 0.3725146 0.2641197 0.2626245 0.3543187 0.35502 0.3956071 0.3811208 0.4502184 0.4225178 0.4075006 0.4106816 0.4175168 0.343325 0.4102895 0.4120247 0.2149735 0.3753567 0.388801 0.2694612 0.0 0.352466 0.2655494 0.3348151 0.2667391 0.2114165 0.2607778 0.241816 0.357545 0.3579544 0.344105 0.3358679 0.3991728 0.4048352 0.4232038 0.3254387 0.306563 0.3337164 0.2630587 0.3380651 0.2088015 0.2279288 0.2798655 0.2164302 0.354214 0.3683884 0.3816227 0.3777024 0.38465 0.3648437 0.4760408 0.4810552 0.36879 0.3754883 0.3546402 0.3454153 0.3394737 0.4210156 0.3453604 0.4223235 0.4220145 0.3721572 0.3689288 0.3468969 
G000508965 0.3779829 0.2871154 0.3257332 0.3292491 0.3077483 0.3136413 0.2998752 0.3392837 0.3352699 0.2998815 0.3318351 0.3014853 0.3732155 0.343662 0.3017645 0.1876314 0.3280983 0.3234453 0.0633742 0.3137227 0.3269156 0.3027159 0.3702379 0.3267207 0.3414699 0.3426531 0.3181505 0.3067167 0.3509111 0.369066 0.3665801 0.4441284 0.335541 0.3180405 0.4029564 0.3574988 0.3279597 0.3629085 0.3446261 0.3116852 0.347619 0.3670154 0.352466 0.0 0.3621899 0.3794938 0.3547959 0.34759 0.3399276 0.3507711 0.3604718 0.357446 0.209307 0.3800035 0.3451562 0.3786797 0.3798449 0.3197953 0.34742 0.3272575 0.3424203 0.3236189 0.3434795 0.3430209 0.3435675 0.3469455 0.0115638 0.3004821 0.337049 0.3284326 0.40324 0.3009225 0.3934282 0.3955439 0.3258366 0.3289515 0.3187939 0.3407409 0.2739371 0.3825056 0.3404443 0.3767557 0.3770844 0.3086018 0.312594 0.3046957 
G000518285 0.3320102 0.3518179 0.3317128 0.3161022 0.3553908 0.3824236 0.3687764 0.3637543 0.3707748 0.3760981 0.3680468 0.3446241 0.3265797 0.2712232 0.3746241 0.3714257 0.3486774 0.3579918 0.3621025 0.3805495 0.3401066 0.376506 0.3906456 0.372518 0.270603 0.2651427 0.3605188 0.3583148 0.3914755 0.3733711 0.4313875 0.4043532 0.4048704 0.4085931 0.3979758 0.3425261 0.4079542 0.4010223 0.2521688 0.3852848 0.396415 0.234843 0.2655494 0.3621899 0.0 0.3309017 0.1700724 0.2505356 0.2700931 0.2511162 0.3701117 0.3682841 0.3435271 0.3263469 0.4041177 0.4087789 0.4263266 0.3289436 0.2909714 0.342925 0.2708973 0.3410109 0.2605713 0.2574447 0.2809071 0.2503822 0.3639368 0.3772408 0.3802884 0.3914019 0.4465335 0.3733737 0.467671 0.4768556 0.3727558 0.3880389 0.3595665 0.3573239 0.3452792 0.4258343 0.3563433 0.4273841 0.4269926 0.3812878 0.3824926 0.3544544 
G000518305 0.3012652 0.3708514 0.362004 0.3499627 0.3826487 0.3955067 0.3845967 0.378979 0.3961871 0.3922182 0.3894982 0.3694961 0.2967895 0.3347678 0.3901955 0.3876826 0.377979 0.3801514 0.3779635 0.3930081 0.3641565 0.3928658 0.4403817 0.3896029 0.3243243 0.3194334 0.3796854 0.3786542 0.4119906 0.4248311 0.39396 0.38737 0.4420524 0.4189845 0.4415089 0.3730691 0.38702 0.4452486 0.3243142 0.3992585 0.4187525 0.3470614 0.3348151 0.3794938 0.3309017 0.0 0.3352715 0.3305745 0.3239098 0.326982 0.3969603 0.3969511 0.3645013 0.2718161 0.4146163 0.4172586 0.4358189 0.3581202 0.366525 0.3718581 0.328026 0.3745747 0.3304189 0.325659 0.3417607 0.3241573 0.3805529 0.3940307 0.4026679 0.4063895 0.40228 0.3906524 0.4565467 0.4670492 0.3943003 0.4052803 0.3822542 0.374113 0.3641061 0.4385459 0.3723519 0.440054 0.4400462 0.4078547 0.3961406 0.3730998 
