39
G000006965.fna 0.0 0.26583563682115957 0.12288765706510013 0.16964064900366094 0.24718581885361457 0.2282396971762741 0.24153231480074558 0.1834620686157985 0.24205802139381577 0.24612445348731826 0.23493304517653307 0.2170961721425757 0.23713034426125196 0.22988389777905832 0.26187958755318885 0.22723726845121184 0.2612038334858394 0.2388260804072891 0.1941017487083745 0.23852549209593826 0.23851635745311514 0.2708610695511255 0.2394559853161659 0.24509647334729723 0.2418982016371586 0.2430260778218316 0.23908777037672158 0.2348866144674162 0.2504938719040517 0.2414008474996826 0.23198348362824162 0.21636283929105873 0.23127676780739304 0.24803985658227448 0.2419017280933925 0.2107126550922076 0.22343313519194222 0.19520525573731506 0.17259683444779525 
G000016285.fna 0.26583563682115957 0.0 0.274420094814794 0.2626477435650353 0.23536712393497117 0.25347379972927736 0.23392215739971456 0.27238212042996535 0.24092079437837927 0.27005432410707153 0.2543797350105031 0.2546527573572692 0.2574850956050308 0.25451126188545325 0.24581627068964862 0.23639892412888908 0.22240073633373147 0.2521145071680472 0.26011550038018394 0.25623301059522025 0.24857696567687998 0.21500342340215972 0.26109667797046093 0.26217369407807867 0.2584474033073755 0.2609091977722096 0.26157598293266887 0.26326602035003444 0.24362278812494637 0.2590947889202549 0.2575272588731006 0.24939780043200152 0.24510722075211233 0.24694543134281127 0.26553409207374207 0.25283393877051785 0.24249200209504052 0.2597083131891137 0.265070198198168 
G000017145.fna 0.12288765706510013 0.274420094814794 0.0 0.18505752606585635 0.25827316344629864 0.23813629251392981 0.2531010674507697 0.1967792668490561 0.2526964940632085 0.25342656976801275 0.24494891635189536 0.22754242721637602 0.24792338257780505 0.24161824684684247 0.2711627289838931 0.24010264111566282 0.2681436111744213 0.25004174121885103 0.2084550019342412 0.2501495578003445 0.24913340112297172 0.27614282111679667 0.2522596660739112 0.25262582270287637 0.25242802675848736 0.2540798703298843 0.23560671386832244 0.23845757059338718 0.25975492594868965 0.2514302735818661 0.24510112875591245 0.22885153990061222 0.24151009858797745 0.2591369324781912 0.25133999888487546 0.2249812909867853 0.23574263944519802 0.2099496890791247 0.1852617418711709 
G000018545.fna 0.16964064900366094 0.2626477435650353 0.18505752606585635 0.0 0.2440696483955106 0.2187414741393831 0.23754097381588624 0.14140191406870856 0.23715331138785706 0.23706637661835836 0.22865987330504126 0.20763431958670955 0.22849847535798296 0.22182660731811032 0.26098170815000976 0.21839001071170538 0.257665695450076 0.2304256815476567 0.18599821616314033 0.23172319093779997 0.22937499715738482 0.26668800156553 0.23471242221306388 0.23837336196424713 0.2339364069391902 0.23845189331639993 0.23207021604190203 0.22690933424428467 0.24682590273811816 0.23748485607374809 0.2292334066413721 0.2095712862031886 0.22592093133359165 0.24570458286131625 0.23577816740318458 0.20313650324434018 0.214670735173878 0.187985149043085 0.12156170078781897 
G000092025.fna 0.24718581885361457 0.23536712393497117 0.25827316344629864 0.2440696483955106 0.0 0.23288184531616607 0.23042226138415559 0.25262691546741955 0.23077716895608424 0.2523802837229423 0.23560586287464708 0.2374901523498275 0.2396863386844233 0.23132132701593355 0.197840061385201 0.22504343923491166 0.23747431347681852 0.23257475240042813 0.23661254692003708 0.23458290448356522 0.2276366876444772 0.15234617818723728 0.2341893514720016 0.245055820868412 0.24086490580600411 0.2417189324641138 0.237183706583116 0.24350074893450513 0.11369487687033435 0.24152039127297428 0.22357993177752494 0.22781314088452234 0.23745017719770292 0.11787024281912639 0.2454464090149429 0.23183663084658954 0.20169200038858404 0.23922792291860745 0.2446463824271119 
G000092045.fna 0.2282396971762741 0.25347379972927736 0.23813629251392981 0.2187414741393831 0.23288184531616607 0.0 0.23204764959611263 0.23228496639444152 0.23032417577589076 0.20345018678456317 0.20334862176917495 0.21407335035305977 0.20265732824698465 0.13182690746376807 0.2458220421514148 0.21771411898597476 0.24980373832033742 0.20442665672372926 0.2216623809391277 0.2292987944200351 0.21629821718142683 0.2549974664682378 0.1776242853973098 0.20131678789649304 0.2087513437891501 0.21369016291631893 0.22520793644469103 0.18889185696575433 0.2372692949589177 0.23638470741177303 0.2226617205628383 0.21767024150550995 0.2321032618023045 0.2355618007401575 0.20137732917208184 0.21422474706351602 0.22309122919423513 0.22547579479148427 0.2199018638484686 
G000247475.fna 0.24153231480074558 0.23392215739971456 0.2531010674507697 0.23754097381588624 0.23042226138415559 0.23204764959611263 0.0 0.24669325037652073 0.1855906098410942 0.24846176980833518 0.2343204427138903 0.22666885164865963 0.23730922835907867 0.23010488463175122 0.24254956130303806 0.19249696533289135 0.23824160351444507 0.227731047814261 0.22782181351836675 0.22448423583339308 0.2233929714768325 0.24471368827535706 0.23585005917875898 0.23522178653441853 0.23832556444690137 0.23887921474018325 0.23752395117087116 0.2397539068856036 0.23186415999886345 0.23700889235949474 0.23235190638361464 0.22052676553803374 0.22437765884301827 0.23271607693600244 0.24448972157038157 0.22512030631742933 0.22034693478417117 0.22974914012877723 0.23973879960066746 
G000261485.fna 0.1834620686157985 0.27238212042996535 0.1967792668490561 0.14140191406870856 0.25262691546741955 0.23228496639444152 0.24669325037652073 0.0 0.2447964989157373 0.2486424309974627 0.23931357635625217 0.21991330192922914 0.2404908283609664 0.2339550449261094 0.2666407725713706 0.23012670732835525 0.2617154260024557 0.241108381862992 0.20134729688174607 0.2409519258639461 0.24235153503336526 0.27432186193863367 0.24446182839411115 0.2494668046009429 0.24505067281808718 0.24793876629052994 0.24173471386856926 0.23708203090331167 0.255881885790061 0.24339821706600584 0.23750001355270262 0.22033855253505333 0.23822789634274794 0.24906460418577558 0.24812331236406987 0.21588247474675226 0.22843052897721333 0.19982740197280985 0.17199112833754945 
G000300855.fna 0.24205802139381577 0.24092079437837927 0.2526964940632085 0.23715331138785706 0.23077716895608424 0.23032417577589076 0.1855906098410942 0.2447964989157373 0.0 0.2479797889043458 0.23293017765269833 0.23122141479724656 0.23817427915849682 0.22950555154681712 0.2407729840076212 0.19501837013402346 0.23548253289531215 0.2325958065068677 0.2277596375282303 0.21869146002213646 0.22555292465555515 0.24249458846148153 0.23314284313494843 0.23894375772445958 0.23796202012996193 0.24010181808235787 0.23413353814472387 0.24303470702205376 0.23292445572112308 0.2276832668873813 0.22806440569789052 0.2218484800744132 0.2294796015091034 0.23316939321312158 0.2403374560066151 0.220217809072645 0.22812572266609088 0.23092034117549842 0.238562283584139 
G000312665.fna 0.24612445348731826 0.27005432410707153 0.25342656976801275 0.23706637661835836 0.2523802837229423 0.20345018678456317 0.24846176980833518 0.2486424309974627 0.2479797889043458 0.0 0.21539040487659933 0.24082640123228388 0.21821398655932983 0.2110390192086971 0.2603230590486168 0.24278344969449733 0.2639192593963417 0.22968494420440916 0.24012917961435606 0.25306300274875726 0.24351158432396816 0.2665179805769906 0.21242980259169167 0.194620889894358 0.23118674577051382 0.23567507944199326 0.2523515696573933 0.2024796012074846 0.2559716344450688 0.2531977482706429 0.24797384776391096 0.24080723257003012 0.25290441927186946 0.2549860611063708 0.10142629119539967 0.24210593853335183 0.2488834180363595 0.24145496996661125 0.24383384760228435 
G000330885.fna 0.23493304517653307 0.2543797350105031 0.24494891635189536 0.22865987330504126 0.23560586287464708 0.20334862176917495 0.2343204427138903 0.23931357635625217 0.23293017765269833 0.21539040487659933 0.0 0.20492690592718094 0.10357239738677279 0.20520468844873596 0.2489920457007605 0.22364160696968452 0.24804169181060415 0.17041756018392415 0.22441247214318077 0.23672355851249594 0.225671207572719 0.25530537792846125 0.2085714743434341 0.21949910087358954 0.15504465905024786 0.15732872801991263 0.2367081458457862 0.19906607011106348 0.23875032926375128 0.24191890481817363 0.22937358787533713 0.22257814034027146 0.23361183246765968 0.2359510714945285 0.20900973367333023 0.22228811018224123 0.22648698928692584 0.2274275501793525 0.22797897214739365 
G000379605.fna 0.2170961721425757 0.2546527573572692 0.22754242721637602 0.20763431958670955 0.2374901523498275 0.21407335035305977 0.22666885164865963 0.21991330192922914 0.23122141479724656 0.24082640123228388 0.20492690592718094 0.0 0.19901359938297072 0.21859940408659195 0.25225916072608007 0.21432674694838855 0.25548086886100463 0.2250086547382738 0.206444451728152 0.23260486309220105 0.2240493681134103 0.25697182601979607 0.2313920551072735 0.23015619609501825 0.22942505926107554 0.23436499816576975 0.23732972494923948 0.1829380305903687 0.2395509346276803 0.24261135588635402 0.2215064245726973 0.188810231702733 0.17709496885355977 0.23587558000700826 0.22944343163030215 0.2063466913776179 0.1618012200008756 0.2057154031241083 0.20947094433252078 
G000426285.fna 0.23713034426125196 0.2574850956050308 0.24792338257780505 0.22849847535798296 0.2396863386844233 0.20265732824698465 0.23730922835907867 0.2404908283609664 0.23817427915849682 0.21821398655932983 0.10357239738677279 0.19901359938297072 0.0 0.20644769973286442 0.25324612086120535 0.22710678856487337 0.25108943450516386 0.15950545243341144 0.22859539716716715 0.24018238777172848 0.2308465578641448 0.2605372229784553 0.21221775840702534 0.22215915836402178 0.16983061630714844 0.17727985022738735 0.23762865678296868 0.1914786101753711 0.24169275421685196 0.24530353070200528 0.23386670454649588 0.22538016565002097 0.23743540047723605 0.24078913567588106 0.20914622488895643 0.2256818455609394 0.23182961267966173 0.23000465592410618 0.22958220120946682 
G000517605.fna 0.22988389777905832 0.25451126188545325 0.24161824684684247 0.22182660731811032 0.23132132701593355 0.13182690746376807 0.23010488463175122 0.2339550449261094 0.22950555154681712 0.2110390192086971 0.20520468844873596 0.21859940408659195 0.20644769973286442 0.0 0.2503966829366219 0.2164358186417421 0.2521473743963525 0.2029500712457119 0.22166762543810917 0.2304364910050603 0.2117486294998086 0.2518337533892844 0.17319394575332267 0.1981882645910969 0.20594951907330725 0.20974933643410765 0.22615865630392673 0.18492280134766662 0.23537934024236473 0.23800814095558714 0.2220691106589338 0.21721893701896805 0.2303942062087062 0.23478718499161488 0.2052887431601788 0.21592482409829972 0.21943373261022275 0.22360283489208954 0.2234815313741007 
G000518585.fna 0.26187958755318885 0.24581627068964862 0.2711627289838931 0.26098170815000976 0.197840061385201 0.2458220421514148 0.24254956130303806 0.2666407725713706 0.2407729840076212 0.2603230590486168 0.2489920457007605 0.25225916072608007 0.25324612086120535 0.2503966829366219 0.0 0.24093706212837923 0.24180644467600762 0.24717252322404548 0.25230672434477613 0.2463191705693757 0.24433674018742052 0.18730317572590616 0.2474522688799947 0.2558830989509488 0.25493028287264397 0.2551113378493061 0.25046458774341945 0.2582184416669171 0.2034734446805168 0.252165756657734 0.24317503187163525 0.24051476304432 0.24940439156056066 0.2001339831273119 0.2529948284074243 0.2481182629357846 0.2464176782995416 0.25292944793014904 0.2619550873080327 
G000518785.fna 0.22723726845121184 0.23639892412888908 0.24010264111566282 0.21839001071170538 0.22504343923491166 0.21771411898597476 0.19249696533289135 0.23012670732835525 0.19501837013402346 0.24278344969449733 0.22364160696968452 0.21432674694838855 0.22710678856487337 0.2164358186417421 0.24093706212837923 0.0 0.23339057042892775 0.22218569248192488 0.21334264540705034 0.20938759956167868 0.2101818924621583 0.24556523591096704 0.22546119330702558 0.22935498519731223 0.22620068216128375 0.2294053814541202 0.22080227816268921 0.23291958115391573 0.22837096491924286 0.22047240383618427 0.21492235776142904 0.20743870171928488 0.22448580580682764 0.2265139633032084 0.23371865978552456 0.20299618124296892 0.21395611343297788 0.21589840881937344 0.22106774200454282 
G000621665.fna 0.2612038334858394 0.22240073633373147 0.2681436111744213 0.257665695450076 0.23747431347681852 0.24980373832033742 0.23824160351444507 0.2617154260024557 0.23548253289531215 0.2639192593963417 0.24804169181060415 0.25548086886100463 0.25108943450516386 0.2521473743963525 0.24180644467600762 0.23339057042892775 0.0 0.25289979916977706 0.2553313546986394 0.2519785997166805 0.2503838421336481 0.2496163681714318 0.254682513110411 0.2637616638204292 0.2573943694549535 0.2579041478156488 0.25388429862498596 0.2608111543391448 0.24279565563799385 0.25194371462988563 0.24828110028344919 0.2422410721524239 0.2570032256843474 0.23855367534009542 0.2624033906145266 0.2480926413776739 0.25146874944678954 0.25251870207712 0.2549542551878875 
G000696095.fna 0.2388260804072891 0.2521145071680472 0.25004174121885103 0.2304256815476567 0.23257475240042813 0.20442665672372926 0.227731047814261 0.241108381862992 0.2325958065068677 0.22968494420440916 0.17041756018392415 0.2250086547382738 0.15950545243341144 0.2029500712457119 0.24717252322404548 0.22218569248192488 0.25289979916977706 0.0 0.22644011535943573 0.23558439922245364 0.22526179968364196 0.25122381992672993 0.20905139481519222 0.2167623712454902 0.1554304510206097 0.16255162521144284 0.2347109040442818 0.22053113149872772 0.20667949511502517 0.24708480284691606 0.22973974806777425 0.22205381916795408 0.23409189247903478 0.23194565844777745 0.2229096146237067 0.22385845272038002 0.2203036807046423 0.22886379231957532 0.23312337029783609 
G000697965.fna 0.1941017487083745 0.26011550038018394 0.2084550019342412 0.18599821616314033 0.23661254692003708 0.2216623809391277 0.22782181351836675 0.20134729688174607 0.2277596375282303 0.24012917961435606 0.22441247214318077 0.206444451728152 0.22859539716716715 0.22166762543810917 0.25230672434477613 0.21334264540705034 0.2553313546986394 0.22644011535943573 0.0 0.2292612892895755 0.2260088486062942 0.2592193014826569 0.22794101885690848 0.23187600769814443 0.23039973814010312 0.23175989674102293 0.23733042820554184 0.23161200630454842 0.24000173159304458 0.23761712325323564 0.2292385905808263 0.19759644907689575 0.21351473715336294 0.2364878749668668 0.22993095410229464 0.1973454081281723 0.20813301018782582 0.15801792905672898 0.1907436283018359 
G000722615.fna 0.23852549209593826 0.25623301059522025 0.2501495578003445 0.23172319093779997 0.23458290448356522 0.2292987944200351 0.22448423583339308 0.2409519258639461 0.21869146002213646 0.25306300274875726 0.23672355851249594 0.23260486309220105 0.24018238777172848 0.2304364910050603 0.2463191705693757 0.20938759956167868 0.2519785997166805 0.23558439922245364 0.2292612892895755 0.0 0.20832641620229764 0.24872963799722628 0.23541322260256797 0.23942600931598515 0.23886414184230403 0.2431699409024773 0.21650135043881782 0.2420369799562163 0.2370527052854175 0.19222308434502808 0.2083469996134497 0.2255846610401976 0.2385090335931077 0.23609806812729078 0.24295883127250775 0.21944374706710867 0.23108435502946154 0.23211647882563358 0.23523356211048646 
G000731315.fna 0.23851635745311514 0.24857696567687998 0.24913340112297172 0.22937499715738482 0.2276366876444772 0.21629821718142683 0.2233929714768325 0.24235153503336526 0.22555292465555515 0.24351158432396816 0.225671207572719 0.2240493681134103 0.2308465578641448 0.2117486294998086 0.24433674018742052 0.2101818924621583 0.2503838421336481 0.22526179968364196 0.2260088486062942 0.20832641620229764 0.0 0.24692782064197735 0.2208779490068043 0.2284871643076355 0.2285508716788172 0.2313759189318466 0.17856987266980845 0.22670842743746464 0.230834091763923 0.21894332254307874 0.19670854942691016 0.22038536195271446 0.2330815269272163 0.23036227770831938 0.23324128509237632 0.21905606585258183 0.22388500721636023 0.22985128115760906 0.23209724326541298 
G000739935.fna 0.2708610695511255 0.21500342340215972 0.27614282111679667 0.26668800156553 0.15234617818723728 0.2549974664682378 0.24471368827535706 0.27432186193863367 0.24249458846148153 0.2665179805769906 0.25530537792846125 0.25697182601979607 0.2605372229784553 0.2518337533892844 0.18730317572590616 0.24556523591096704 0.2496163681714318 0.25122381992672993 0.2592193014826569 0.24872963799722628 0.24692782064197735 0.0 0.25484839158605793 0.25989562535879146 0.25932207677051394 0.25914704756757617 0.25775434935915187 0.26392814867678627 0.14924984471833144 0.2560501527291207 0.2522155161195059 0.24733030201756712 0.25028362639289026 0.20968322655822846 0.25994859766594997 0.25439448355564953 0.21835151641359068 0.25825345808561995 0.26676371821724465 
G000744505.fna 0.2394559853161659 0.26109667797046093 0.2522596660739112 0.23471242221306388 0.2341893514720016 0.1776242853973098 0.23585005917875898 0.24446182839411115 0.23314284313494843 0.21242980259169167 0.2085714743434341 0.2313920551072735 0.21221775840702534 0.17319394575332267 0.2474522688799947 0.22546119330702558 0.254682513110411 0.20905139481519222 0.22794101885690848 0.23541322260256797 0.2208779490068043 0.25484839158605793 0.0 0.20272223672656803 0.21042849187444795 0.21368322114221067 0.23141561785644568 0.20123578916166635 0.23937109305523566 0.24386247633958616 0.22839889417523548 0.22369455955559026 0.2372248183381835 0.23483530176654155 0.20638965363708242 0.22464228825265095 0.22919117865472327 0.23129418564426713 0.23362987980494437 
G000745655.fna 0.24509647334729723 0.26217369407807867 0.25262582270287637 0.23837336196424713 0.245055820868412 0.20131678789649304 0.23522178653441853 0.2494668046009429 0.23894375772445958 0.194620889894358 0.21949910087358954 0.23015619609501825 0.22215915836402178 0.1981882645910969 0.2558830989509488 0.22935498519731223 0.2637616638204292 0.2167623712454902 0.23187600769814443 0.23942600931598515 0.2284871643076355 0.25989562535879146 0.20272223672656803 0.0 0.22100242831386513 0.22215310651407255 0.24295113096844062 0.2025683209974684 0.24610305809046631 0.24711816618852164 0.2375178975001579 0.23231506933603535 0.2367780348614475 0.24840387753504845 0.18534188471805546 0.23249131221403332 0.22621289369078174 0.23287823440090483 0.23949252847303343 
G000745725.fna 0.2418982016371586 0.2584474033073755 0.25242802675848736 0.2339364069391902 0.24086490580600411 0.2087513437891501 0.23832556444690137 0.24505067281808718 0.23796202012996193 0.23118674577051382 0.15504465905024786 0.22942505926107554 0.16983061630714844 0.20594951907330725 0.25493028287264397 0.22620068216128375 0.2573943694549535 0.1554304510206097 0.23039973814010312 0.23886414184230403 0.2285508716788172 0.25932207677051394 0.21042849187444795 0.22100242831386513 0.0 0.12536227824992804 0.2347238356612092 0.22436834540644524 0.2398858385642664 0.24977429546787258 0.2326971052413002 0.22447744752061638 0.23791095055819445 0.23986767862930763 0.22223862962900404 0.22781538359537357 0.2273059182250882 0.2297644961740436 0.2360345691715504 
G000745735.fna 0.2430260778218316 0.2609091977722096 0.2540798703298843 0.23845189331639993 0.2417189324641138 0.21369016291631893 0.23887921474018325 0.24793876629052994 0.24010181808235787 0.23567507944199326 0.15732872801991263 0.23436499816576975 0.17727985022738735 0.20974933643410765 0.2551113378493061 0.2294053814541202 0.2579041478156488 0.16255162521144284 0.23175989674102293 0.2431699409024773 0.2313759189318466 0.25914704756757617 0.21368322114221067 0.22215310651407255 0.12536227824992804 0.0 0.24169158522088902 0.22888192321295694 0.2421142561935772 0.2528876994458917 0.23493620272133947 0.22572590404295118 0.23923642699750394 0.24189005132638292 0.22638166860974818 0.22899340031036255 0.22861125746448624 0.23325283206637082 0.24005612016217134 
G000757525.fna 0.23908777037672158 0.26157598293266887 0.23560671386832244 0.23207021604190203 0.237183706583116 0.22520793644469103 0.23752395117087116 0.24173471386856926 0.23413353814472387 0.2523515696573933 0.2367081458457862 0.23732972494923948 0.23762865678296868 0.22615865630392673 0.25046458774341945 0.22080227816268921 0.25388429862498596 0.2347109040442818 0.23733042820554184 0.21650135043881782 0.17856987266980845 0.25775434935915187 0.23141561785644568 0.24295113096844062 0.2347238356612092 0.24169158522088902 0.0 0.23638533664919392 0.2395652645115216 0.22036414823925599 0.194736635959339 0.2298315457771073 0.2453928750753986 0.2332441652677829 0.243226613078037 0.22518188526490118 0.23727111804266482 0.2374444775296492 0.23689095181401854 
G000816845.fna 0.2348866144674162 0.26326602035003444 0.23845757059338718 0.22690933424428467 0.24350074893450513 0.18889185696575433 0.2397539068856036 0.23708203090331167 0.24303470702205376 0.2024796012074846 0.19906607011106348 0.1829380305903687 0.1914786101753711 0.18492280134766662 0.2582184416669171 0.23291958115391573 0.2608111543391448 0.22053113149872772 0.23161200630454842 0.2420369799562163 0.22670842743746464 0.26392814867678627 0.20123578916166635 0.2025683209974684 0.22436834540644524 0.22888192321295694 0.23638533664919392 0.0 0.2487041486211975 0.24574493195001323 0.23193501540305622 0.2337155252564675 0.2433466127036865 0.24583717214983222 0.19962958941446385 0.22963653108590898 0.23791749669955925 0.2364118307134671 0.22418293781007878 
G000949895.fna 0.2504938719040517 0.24362278812494637 0.25975492594868965 0.24682590273811816 0.11369487687033435 0.2372692949589177 0.23186415999886345 0.255881885790061 0.23292445572112308 0.2559716344450688 0.23875032926375128 0.2395509346276803 0.24169275421685196 0.23537934024236473 0.2034734446805168 0.22837096491924286 0.24279565563799385 0.20667949511502517 0.24000173159304458 0.2370527052854175 0.230834091763923 0.14924984471833144 0.23937109305523566 0.24610305809046631 0.2398858385642664 0.2421142561935772 0.2395652645115216 0.2487041486211975 0.0 0.24629794699850166 0.2331550973492664 0.22993178461901476 0.2397728335099546 0.1252286000441346 0.24850209882374336 0.23548517510057487 0.20773331876694506 0.24122428965585507 0.24908970501327768 
G000967425.fna 0.2414008474996826 0.2590947889202549 0.2514302735818661 0.23748485607374809 0.24152039127297428 0.23638470741177303 0.23700889235949474 0.24339821706600584 0.2276832668873813 0.2531977482706429 0.24191890481817363 0.24261135588635402 0.24530353070200528 0.23800814095558714 0.252165756657734 0.22047240383618427 0.25194371462988563 0.24708480284691606 0.23761712325323564 0.19222308434502808 0.21894332254307874 0.2560501527291207 0.24386247633958616 0.24711816618852164 0.24977429546787258 0.2528876994458917 0.22036414823925599 0.24574493195001323 0.24629794699850166 0.0 0.21383515904394326 0.2328765771216338 0.25034168970814896 0.22758753438284948 0.24645055376290162 0.22367103113577202 0.2448636660787471 0.24001338678298123 0.23898482970007298 
G001005825.fna 0.23198348362824162 0.2575272588731006 0.24510112875591245 0.2292334066413721 0.22357993177752494 0.2226617205628383 0.23235190638361464 0.23750001355270262 0.22806440569789052 0.24797384776391096 0.22937358787533713 0.2215064245726973 0.23386670454649588 0.2220691106589338 0.24317503187163525 0.21492235776142904 0.24828110028344919 0.22973974806777425 0.2292385905808263 0.2083469996134497 0.19670854942691016 0.2522155161195059 0.22839889417523548 0.2375178975001579 0.2326971052413002 0.23493620272133947 0.194736635959339 0.23193501540305622 0.2331550973492664 0.21383515904394326 0.0 0.22380487303591778 0.24078875157788393 0.2178301341003356 0.24034582429878862 0.21697035427865113 0.23159434004776508 0.23310554745745762 0.2297048247525082 
G001424985.fna 0.21636283929105873 0.24939780043200152 0.22885153990061222 0.2095712862031886 0.22781314088452234 0.21767024150550995 0.22052676553803374 0.22033855253505333 0.2218484800744132 0.24080723257003012 0.22257814034027146 0.188810231702733 0.22538016565002097 0.21721893701896805 0.24051476304432 0.20743870171928488 0.2422410721524239 0.22205381916795408 0.19759644907689575 0.2255846610401976 0.22038536195271446 0.24733030201756712 0.22369455955559026 0.23231506933603535 0.22447744752061638 0.22572590404295118 0.2298315457771073 0.2337155252564675 0.22993178461901476 0.2328765771216338 0.22380487303591778 0.0 0.19210836176567397 0.22726065946679844 0.23062949542474465 0.19320391843561813 0.18614939182545054 0.1996892453599473 0.21176211212014623 
G001426665.fna 0.23127676780739304 0.24510722075211233 0.24151009858797745 0.22592093133359165 0.23745017719770292 0.2321032618023045 0.22437765884301827 0.23822789634274794 0.2294796015091034 0.25290441927186946 0.23361183246765968 0.17709496885355977 0.23743540047723605 0.2303942062087062 0.24940439156056066 0.22448580580682764 0.2570032256843474 0.23409189247903478 0.21351473715336294 0.2385090335931077 0.2330815269272163 0.25028362639289026 0.2372248183381835 0.2367780348614475 0.23791095055819445 0.23923642699750394 0.2453928750753986 0.2433466127036865 0.2397728335099546 0.25034168970814896 0.24078875157788393 0.19210836176567397 0.0 0.23969128085473135 0.24280074715005406 0.21879633688394107 0.15278373510397142 0.2130444621543419 0.22976091038869711 
G001427625.fna 0.24803985658227448 0.24694543134281127 0.2591369324781912 0.24570458286131625 0.11787024281912639 0.2355618007401575 0.23271607693600244 0.24906460418577558 0.23316939321312158 0.2549860611063708 0.2359510714945285 0.23587558000700826 0.24078913567588106 0.23478718499161488 0.2001339831273119 0.2265139633032084 0.23855367534009542 0.23194565844777745 0.2364878749668668 0.23609806812729078 0.23036227770831938 0.20968322655822846 0.23483530176654155 0.24840387753504845 0.23986767862930763 0.24189005132638292 0.2332441652677829 0.24583717214983222 0.1252286000441346 0.22758753438284948 0.2178301341003356 0.22726065946679844 0.23969128085473135 0.0 0.24753476831770332 0.221073339284523 0.2336691229298281 0.237645813779246 0.24645515748328595 
G001542405.fna 0.2419017280933925 0.26553409207374207 0.25133999888487546 0.23577816740318458 0.2454464090149429 0.20137732917208184 0.24448972157038157 0.24812331236406987 0.2403374560066151 0.10142629119539967 0.20900973367333023 0.22944343163030215 0.20914622488895643 0.2052887431601788 0.2529948284074243 0.23371865978552456 0.2624033906145266 0.2229096146237067 0.22993095410229464 0.24295883127250775 0.23324128509237632 0.25994859766594997 0.20638965363708242 0.18534188471805546 0.22223862962900404 0.22638166860974818 0.243226613078037 0.19962958941446385 0.24850209882374336 0.24645055376290162 0.24034582429878862 0.23062949542474465 0.24280074715005406 0.24753476831770332 0.0 0.23303609383024865 0.23896049803424058 0.23448928200890312 0.2367082678796597 
G001652565.fna 0.2107126550922076 0.25283393877051785 0.2249812909867853 0.20313650324434018 0.23183663084658954 0.21422474706351602 0.22512030631742933 0.21588247474675226 0.220217809072645 0.24210593853335183 0.22228811018224123 0.2063466913776179 0.2256818455609394 0.21592482409829972 0.2481182629357846 0.20299618124296892 0.2480926413776739 0.22385845272038002 0.1973454081281723 0.21944374706710867 0.21905606585258183 0.25439448355564953 0.22464228825265095 0.23249131221403332 0.22781538359537357 0.22899340031036255 0.22518188526490118 0.22963653108590898 0.23548517510057487 0.22367103113577202 0.21697035427865113 0.19320391843561813 0.21879633688394107 0.221073339284523 0.23303609383024865 0.0 0.2082591391201361 0.20244910769208763 0.206695820908187 
G001687365.fna 0.22343313519194222 0.24249200209504052 0.23574263944519802 0.214670735173878 0.20169200038858404 0.22309122919423513 0.22034693478417117 0.22843052897721333 0.22812572266609088 0.2488834180363595 0.22648698928692584 0.1618012200008756 0.23182961267966173 0.21943373261022275 0.2464176782995416 0.21395611343297788 0.25146874944678954 0.2203036807046423 0.20813301018782582 0.23108435502946154 0.22388500721636023 0.21835151641359068 0.22919117865472327 0.22621289369078174 0.2273059182250882 0.22861125746448624 0.23727111804266482 0.23791749669955925 0.20773331876694506 0.2448636660787471 0.23159434004776508 0.18614939182545054 0.15278373510397142 0.2336691229298281 0.23896049803424058 0.2082591391201361 0.0 0.20710704585876902 0.2178560915477538 
G001695855.fna 0.19520525573731506 0.2597083131891137 0.2099496890791247 0.187985149043085 0.23922792291860745 0.22547579479148427 0.22974914012877723 0.19982740197280985 0.23092034117549842 0.24145496996661125 0.2274275501793525 0.2057154031241083 0.23000465592410618 0.22360283489208954 0.25292944793014904 0.21589840881937344 0.25251870207712 0.22886379231957532 0.15801792905672898 0.23211647882563358 0.22985128115760906 0.25825345808561995 0.23129418564426713 0.23287823440090483 0.2297644961740436 0.23325283206637082 0.2374444775296492 0.2364118307134671 0.24122428965585507 0.24001338678298123 0.23310554745745762 0.1996892453599473 0.2130444621543419 0.237645813779246 0.23448928200890312 0.20244910769208763 0.20710704585876902 0.0 0.19182894898849395 
G001889105.fna 0.17259683444779525 0.265070198198168 0.1852617418711709 0.12156170078781897 0.2446463824271119 0.2199018638484686 0.23973879960066746 0.17199112833754945 0.238562283584139 0.24383384760228435 0.22797897214739365 0.20947094433252078 0.22958220120946682 0.2234815313741007 0.2619550873080327 0.22106774200454282 0.2549542551878875 0.23312337029783609 0.1907436283018359 0.23523356211048646 0.23209724326541298 0.26676371821724465 0.23362987980494437 0.23949252847303343 0.2360345691715504 0.24005612016217134 0.23689095181401854 0.22418293781007878 0.24908970501327768 0.23898482970007298 0.2297048247525082 0.21176211212014623 0.22976091038869711 0.24645515748328595 0.2367082678796597 0.206695820908187 0.2178560915477538 0.19182894898849395 0.0 
