39
G000006965.fna 0.0 0.26571245478817146 0.12255943878986354 0.1675568863669109 0.24575110753406176 0.22585932179341348 0.24018772242443848 0.1818608610859763 0.24077923271893448 0.24630836818895568 0.23377824089410604 0.21425208461969125 0.23585224625440526 0.22741303821536835 0.2612360659722346 0.2236293866646566 0.25932591305261266 0.2369682366549387 0.19197188301776077 0.23530551892689688 0.23625676585663413 0.27041856744297454 0.23762032459006938 0.24330910948322126 0.23957101649914153 0.24089404173016077 0.23723811561285638 0.233943148888603 0.24904651537580252 0.24010002574994313 0.22968236148054935 0.21330811031552574 0.22914713935598868 0.24638038989095362 0.24116068102005073 0.2060073294357413 0.2198776435468776 0.19300123039943154 0.17043995960506303 
G000016285.fna 0.26571245478817146 0.0 0.27490860769999304 0.2619149728154513 0.23557831875009907 0.25308767103346175 0.2338768728823482 0.27208785018732184 0.24077302145236443 0.2709615489562187 0.25408544783904774 0.25419793810976354 0.2572759116763099 0.2541458841969999 0.24593601005611504 0.23585119220343262 0.22145718435275044 0.2518964653080064 0.26036490622479064 0.25583707463794003 0.2484844240033474 0.21599957878461234 0.2610190884653796 0.26219666750690007 0.2582426465345492 0.26044257621935224 0.2610094755159613 0.2631873129833 0.24361215288170224 0.2601647962097726 0.256673172712571 0.24926650812175427 0.24563623652517896 0.24658907685503362 0.26629081542946814 0.2518377216191057 0.24223856076217087 0.25972442807937124 0.2644514528364029 
G000017145.fna 0.12255943878986354 0.27490860769999304 0.0 0.18375488584036812 0.2576650563404166 0.23700437895123805 0.2525744270912072 0.19606151242262582 0.2522958355823007 0.2543691956018735 0.24410578284539086 0.22591187012225533 0.24712482939744568 0.23992201342212643 0.27121024629427976 0.23790283333859413 0.2673542145083661 0.24893244982092078 0.20704998963389304 0.2482979501020555 0.24768150778201958 0.2766149518190951 0.25143364142487235 0.25212700597755444 0.25126507984305707 0.25298876427247996 0.2364296190729098 0.23882074836283468 0.25893601543247513 0.2511197609997337 0.24340827958817052 0.2266285247041199 0.24022938861851262 0.2583689498286692 0.25188774629937943 0.22105187489887992 0.23343803846600159 0.20847039922137744 0.18415968770581775 
G000018545.fna 0.1675568863669109 0.2619149728154513 0.18375488584036812 0.0 0.2422400566700207 0.21639953539551587 0.23581206237402225 0.1417694449216242 0.23533401966082695 0.23674744983788695 0.22722258610971838 0.20455386304186268 0.22707354778958755 0.21964653101349518 0.25990569500722466 0.21502947183138071 0.25516735992035855 0.2284993849316881 0.18384400070238255 0.22838597115855686 0.22728526199459811 0.2659573600833654 0.23315078605788042 0.2365437549064584 0.23195296697805323 0.2362337405672703 0.23006454716206803 0.22581172127368582 0.24517686459303695 0.2354142278550515 0.2264413576381734 0.20660615434232654 0.22397316626139166 0.24374829565408546 0.2348519441867714 0.1984625278761949 0.21153860222881984 0.18564830745312605 0.120472086927257 
G000092025.fna 0.24575110753406176 0.23557831875009907 0.2576650563404166 0.2422400566700207 0.0 0.2318993012128378 0.22957193123729416 0.2515259338626572 0.2305229893815901 0.25289905842664184 0.235147339681075 0.23673488739355814 0.23929390406670964 0.23034797367857957 0.19756109248956666 0.22376210846703343 0.23627698661868676 0.23207427457534985 0.23595833966623458 0.23324311483527838 0.2260861207988798 0.1533753452441377 0.23370043206519553 0.2447156896343634 0.24007304707062568 0.24110230297390461 0.23575498983675522 0.24301793809470018 0.11394922969818921 0.24112508827845186 0.22223309913814032 0.22693654536183713 0.23727216244642574 0.1178652729340104 0.2455372452364973 0.22988771360138432 0.2027675205694225 0.23859981715262513 0.2431874058083589 
G000092045.fna 0.22585932179341348 0.25308767103346175 0.23700437895123805 0.21639953539551587 0.2318993012128378 0.0 0.23114254954457236 0.2302075079262446 0.22980547768649195 0.20376092193249176 0.2025207149889252 0.21255469516885342 0.20190973324875205 0.13120758195422874 0.24533308364355205 0.2157869761165747 0.2478561092709037 0.2032046128457246 0.22077905826212474 0.2271170040726847 0.2148339095351514 0.25474853494287475 0.1770104722942682 0.2003126435562051 0.20740269400775468 0.21221219293659394 0.2239979679879089 0.18832278076138098 0.23620761219662822 0.23553840543711507 0.22048293221256104 0.2160066840487935 0.23126270503697174 0.234592988652514 0.20100207519933017 0.21090773707888627 0.22116786106510966 0.22414963509644636 0.2177582052037232 
G000247475.fna 0.24018772242443848 0.2338768728823482 0.2525744270912072 0.23581206237402225 0.22957193123729416 0.23114254954457236 0.0 0.2452724939849322 0.18471559312962152 0.24921433988690445 0.23356194186046653 0.22567477934554658 0.2367635375966735 0.22915762214538354 0.242045841795671 0.19105255631733947 0.23673653222182153 0.22748682756704988 0.22753094164551235 0.22310846029592377 0.22229213269027037 0.24437752892449918 0.23527494002976673 0.23492766736686438 0.23757902740452436 0.2380695452458797 0.23603149425828862 0.23955516129947146 0.23101298303971607 0.23621580117819507 0.23052825217650647 0.21965317517722854 0.2243612092819384 0.23189690365506213 0.24452755826329917 0.22264318807397304 0.2195672642969233 0.228897469484228 0.2383808792210525 
G000261485.fna 0.1818608610859763 0.27208785018732184 0.19606151242262582 0.1417694449216242 0.2515259338626572 0.2302075079262446 0.2452724939849322 0.0 0.2433319888229152 0.24904777955812785 0.2382120769579782 0.21751008023319462 0.23919476436037435 0.232262247183997 0.26625696716792846 0.22669079838917341 0.25987869173192324 0.23937078592176986 0.19991767481642925 0.23762394469184495 0.2403676996450363 0.2739100585055594 0.24337169303781475 0.24800764543392778 0.24338783311615278 0.24625241273699178 0.2402756622623573 0.2363612015227751 0.2545635058261233 0.24211538269859173 0.23506274784304182 0.21757318510445323 0.23662621175782622 0.24785791707710209 0.24777737212348028 0.2112029728986023 0.22550022532516822 0.1985040774557891 0.17041928262628192 
G000300855.fna 0.24077923271893448 0.24077302145236443 0.2522958355823007 0.23533401966082695 0.2305229893815901 0.22980547768649195 0.18471559312962152 0.2433319888229152 0.0 0.24866783169110207 0.23253503166470998 0.23011920971023303 0.23811864045349118 0.22878794120604531 0.2403718784523518 0.19340290870950916 0.23422023815913212 0.23200582656270166 0.2274093380588173 0.217330692393398 0.22451847374723383 0.24258565943816324 0.23314146087496515 0.23837539801841015 0.23759473722093866 0.239704672010092 0.23285713694783577 0.24307454086994376 0.23246781193884616 0.2271004268423276 0.22662348840013427 0.2210812422479971 0.2294038511532221 0.232738310776048 0.24045405578501122 0.21840457579427325 0.22695357669160865 0.23027458609752793 0.23711578050344395 
G000312665.fna 0.24630836818895568 0.2709615489562187 0.2543691956018735 0.23674744983788695 0.25289905842664184 0.20376092193249176 0.24921433988690445 0.24904777955812785 0.24866783169110207 0.0 0.21613102037817744 0.2404839589551881 0.21873731082855374 0.21103978206071344 0.2607241260583066 0.24272734178716376 0.2636481123673237 0.22986278028353013 0.2403230577725673 0.25238185543623803 0.2434936616854672 0.2674686949172186 0.21295569971784806 0.19531738219160272 0.2313576629329258 0.23583031330526263 0.25248888901607297 0.20329280782307216 0.25631079425041303 0.2540587603411255 0.2475468829321671 0.24056717666316205 0.2536994559777576 0.25563361017239183 0.10228895942665311 0.24100557566306352 0.24822301464605406 0.24147451187392052 0.24343829427464594 
G000330885.fna 0.23377824089410604 0.25408544783904774 0.24410578284539086 0.22722258610971838 0.235147339681075 0.2025207149889252 0.23356194186046653 0.2382120769579782 0.23253503166470998 0.21613102037817744 0.0 0.2050495939363372 0.10455056764687434 0.20418754766036695 0.24855212488590642 0.22242023104304415 0.24692295770909428 0.16998089655703894 0.22398775506585555 0.23519641050286058 0.22460846743434573 0.2552070377758624 0.2081779287369471 0.21919780058436242 0.1548851030839004 0.15720414674414834 0.23553492916710844 0.19944617863458358 0.23833052138020855 0.24147648273348776 0.2280345646739592 0.2214068848944683 0.23329472261419912 0.23564230786111262 0.20936954669358412 0.22013930204626647 0.225073028210691 0.22698419187718005 0.22657082558168484 
G000379605.fna 0.21425208461969125 0.25419793810976354 0.22591187012225533 0.20455386304186268 0.23673488739355814 0.21255469516885342 0.22567477934554658 0.21751008023319462 0.23011920971023303 0.2404839589551881 0.2050495939363372 0.0 0.19954231793716065 0.21707698980887766 0.2514116616880405 0.2122912528442249 0.25344762122617326 0.22365056018249863 0.2047218896479633 0.23006361974202802 0.22268917743668462 0.2565435800152302 0.23000663634512314 0.2290838747565927 0.22809634518649047 0.2328293354200775 0.2355633481832351 0.184040090948128 0.23866184862948536 0.24148807856889407 0.22038342375756506 0.1868671583141105 0.17665794427125797 0.23516663687481743 0.22885425687244942 0.2027274834894207 0.16060186515721675 0.2039288332052115 0.20676119139128993 
G000426285.fna 0.23585224625440526 0.2572759116763099 0.24712482939744568 0.22707354778958755 0.23929390406670964 0.20190973324875205 0.2367635375966735 0.23919476436037435 0.23811864045349118 0.21873731082855374 0.10455056764687434 0.19954231793716065 0.0 0.20550733569740995 0.2526766710322962 0.22567024985017417 0.249943941922584 0.15977503594580078 0.22827232594693334 0.23851346126931738 0.22964839730383146 0.2604810434713533 0.2117980062906879 0.22164646322326387 0.16984909840912282 0.17710948320428396 0.2367316049270235 0.19216855399601107 0.2412825930844973 0.24503430943872287 0.2322312214643028 0.2242194653451962 0.2373903722408273 0.24046372039982122 0.20956052352367852 0.22340292999089517 0.23065765795148685 0.22950530048621426 0.2282569487651478 
G000517605.fna 0.22741303821536835 0.2541458841969999 0.23992201342212643 0.21964653101349518 0.23034797367857957 0.13120758195422874 0.22915762214538354 0.232262247183997 0.22878794120604531 0.21103978206071344 0.20418754766036695 0.21707698980887766 0.20550733569740995 0.0 0.24959409396344756 0.21423992304606063 0.25036374143153906 0.20184668713453474 0.22061216601588193 0.2279013794995923 0.21010077641211616 0.2517652699569448 0.17259185116436296 0.19739797157970534 0.2047436354934678 0.20844371409619894 0.2246800677556296 0.1846330680661356 0.23410833788651852 0.23704583345491936 0.21969076812766591 0.21579702918762533 0.22970142974939667 0.2338059720398657 0.2047697936702687 0.21268182922578122 0.2178287970181172 0.22251266528346522 0.2215179765401601 
G000518585.fna 0.2612360659722346 0.24593601005611504 0.27121024629427976 0.25990569500722466 0.19756109248956666 0.24533308364355205 0.242045841795671 0.26625696716792846 0.2403718784523518 0.2607241260583066 0.24855212488590642 0.2514116616880405 0.2526766710322962 0.24959409396344756 0.0 0.23989661720583338 0.24139960421179285 0.24673171862177085 0.2519915039146601 0.24522944874877747 0.2433515445017283 0.18744468143715642 0.24691050528152464 0.25571962642954704 0.254615533131181 0.25470011072668614 0.24955646538191784 0.2581379357504186 0.2033397833585171 0.25200456322330467 0.24205657560403399 0.23995849948963216 0.2493293327882814 0.19992250352375285 0.2530878946251642 0.247270852852166 0.24572330654348035 0.252387284556345 0.26114969730489646 
G000518785.fna 0.2236293866646566 0.23585119220343262 0.23790283333859413 0.21502947183138071 0.22376210846703343 0.2157869761165747 0.19105255631733947 0.22669079838917341 0.19340290870950916 0.24272734178716376 0.22242023104304415 0.2122912528442249 0.22567024985017417 0.21423992304606063 0.23989661720583338 0.0 0.2311449469505395 0.22044686465154617 0.21167975879090947 0.20615093016885142 0.20822376194781253 0.2447730435097067 0.22412683737036504 0.22759671278642246 0.22464824529429056 0.22766181059652824 0.21831962044800213 0.23137488464623843 0.22722178174762747 0.21819190302785002 0.21205356600382902 0.20548750989691988 0.223701381981733 0.22526195260499174 0.23300696609448923 0.19865734218907086 0.21228126069357695 0.2137759187294408 0.21775158719087967 
G000621665.fna 0.25932591305261266 0.22145718435275044 0.2673542145083661 0.25516735992035855 0.23627698661868676 0.2478561092709037 0.23673653222182153 0.25987869173192324 0.23422023815913212 0.2636481123673237 0.24692295770909428 0.25344762122617326 0.249943941922584 0.25036374143153906 0.24139960421179285 0.2311449469505395 0.0 0.2514374640413796 0.2541192525276564 0.2493510359712489 0.24868681001051585 0.24927377513725474 0.25324511089946544 0.2626581325255516 0.255961241888221 0.2563085349041791 0.2519989729992733 0.2597336589128647 0.24161519684482335 0.2510535302178785 0.24633939976302527 0.2402795768504404 0.2557566838079266 0.23733808174282853 0.26171348062836913 0.24564192793523498 0.24917714810098862 0.251348339821451 0.2529198622911577 
G000696095.fna 0.2369682366549387 0.2518964653080064 0.24893244982092078 0.2284993849316881 0.23207427457534985 0.2032046128457246 0.22748682756704988 0.23937078592176986 0.23200582656270166 0.22986278028353013 0.16998089655703894 0.22365056018249863 0.15977503594580078 0.20184668713453474 0.24673171862177085 0.22044686465154617 0.2514374640413796 0.0 0.22583487935746394 0.23372359853921112 0.22396224569835257 0.25108373021173186 0.2083283737063121 0.21621103930148308 0.1553149499347601 0.1623819520787238 0.2334992570631674 0.21981090125130473 0.20765048038717288 0.2462830148700868 0.22806205598564572 0.22094447256386845 0.23363543096214817 0.2315234071069816 0.22249154774495467 0.22108730801216736 0.21891362810933845 0.2279105697815656 0.23107107034153312 
G000697965.fna 0.19197188301776077 0.26036490622479064 0.20704998963389304 0.18384400070238255 0.23595833966623458 0.22077905826212474 0.22753094164551235 0.19991767481642925 0.2274093380588173 0.2403230577725673 0.22398775506585555 0.2047218896479633 0.22827232594693334 0.22061216601588193 0.2519915039146601 0.21167975879090947 0.2541192525276564 0.22583487935746394 0.0 0.22720586187457448 0.22480904434593474 0.25924259418289963 0.22720081526205033 0.2311546400228971 0.22968599530867292 0.23083649365636297 0.23573779881937473 0.23121931214748048 0.2395170966325292 0.23684969429818348 0.22749541546529187 0.19572250029460975 0.21250448858827148 0.2361613519384029 0.22972193791292483 0.19403597620951774 0.2059548686854658 0.15687365166209494 0.18869130756317906 
G000722615.fna 0.23530551892689688 0.25583707463794003 0.2482979501020555 0.22838597115855686 0.23324311483527838 0.2271170040726847 0.22310846029592377 0.23762394469184495 0.217330692393398 0.25238185543623803 0.23519641050286058 0.23006361974202802 0.23851346126931738 0.2279013794995923 0.24522944874877747 0.20615093016885142 0.2493510359712489 0.23372359853921112 0.22720586187457448 0.0 0.205685937919342 0.24811713370660704 0.23433220188966308 0.2376103252905707 0.23697773434335156 0.24094085425253325 0.2135016075567958 0.24054703005011271 0.2357329649727272 0.1894892352784695 0.20492320160010163 0.2229184218592642 0.23739390615379513 0.23440338420732104 0.24187277923041134 0.215218641524376 0.22875669272594346 0.23001370614125147 0.23196032557714588 
G000731315.fna 0.23625676585663413 0.2484844240033474 0.24768150778201958 0.22728526199459811 0.2260861207988798 0.2148339095351514 0.22229213269027037 0.2403676996450363 0.22451847374723383 0.2434936616854672 0.22460846743434573 0.22268917743668462 0.22964839730383146 0.21010077641211616 0.2433515445017283 0.20822376194781253 0.24868681001051585 0.22396224569835257 0.22480904434593474 0.205685937919342 0.0 0.2459814508958172 0.21969039900188597 0.2275387689547848 0.22721341393194386 0.22983477886299802 0.17690721535084766 0.2259298080869624 0.22959771034268833 0.21711011371214417 0.1941888295040528 0.2187474296773108 0.23242573650547782 0.22886990563956153 0.23269579113518787 0.21583067237546577 0.22206638372576984 0.2282781521904445 0.2301087784309832 
G000739935.fna 0.27041856744297454 0.21599957878461234 0.2766149518190951 0.2659573600833654 0.1533753452441377 0.25474853494287475 0.24437752892449918 0.2739100585055594 0.24258565943816324 0.2674686949172186 0.2552070377758624 0.2565435800152302 0.2604810434713533 0.2517652699569448 0.18744468143715642 0.2447730435097067 0.24927377513725474 0.25108373021173186 0.25924259418289963 0.24811713370660704 0.2459814508958172 0.0 0.2550388085127945 0.2601122427619577 0.2592708283336955 0.2589281609375719 0.25712023989741983 0.2638632117600079 0.1502634231114643 0.2561808234576612 0.2515904961902637 0.24661514360177872 0.2503907977916001 0.20966988410913362 0.26013157969762235 0.25363654933814966 0.21947637504514228 0.2579738097455697 0.2662173215230096 
G000744505.fna 0.23762032459006938 0.2610190884653796 0.25143364142487235 0.23315078605788042 0.23370043206519553 0.1770104722942682 0.23527494002976673 0.24337169303781475 0.23314146087496515 0.21295569971784806 0.2081779287369471 0.23000663634512314 0.2117980062906879 0.17259185116436296 0.24691050528152464 0.22412683737036504 0.25324511089946544 0.2083283737063121 0.22720081526205033 0.23433220188966308 0.21969039900188597 0.2550388085127945 0.0 0.20261264702691645 0.2097205100774034 0.21289843931276647 0.23051999009737256 0.20117206997560233 0.23847313329466988 0.24365651315065276 0.22706514012753712 0.22256485300200568 0.2365554512348343 0.23425228115435837 0.2063107061098694 0.2225619439270659 0.22756755594159472 0.2300679984061587 0.23261297577848006 
G000745655.fna 0.24330910948322126 0.26219666750690007 0.25212700597755444 0.2365437549064584 0.2447156896343634 0.2003126435562051 0.23492766736686438 0.24800764543392778 0.23837539801841015 0.19531738219160272 0.21919780058436242 0.2290838747565927 0.22164646322326387 0.19739797157970534 0.25571962642954704 0.22759671278642246 0.2626581325255516 0.21621103930148308 0.2311546400228971 0.2376103252905707 0.2275387689547848 0.2601122427619577 0.20261264702691645 0.0 0.22019226886809196 0.22154001456094646 0.2419120469745858 0.20265526826426536 0.24572625332126335 0.2464174426966112 0.23580998168059208 0.23122314222886192 0.2367654381574783 0.24808194261243888 0.185632132508116 0.22993003239465065 0.2252229922413409 0.2319964440336544 0.23782985854478048 
G000745725.fna 0.23957101649914153 0.2582426465345492 0.25126507984305707 0.23195296697805323 0.24007304707062568 0.20740269400775468 0.23757902740452436 0.24338783311615278 0.23759473722093866 0.2313576629329258 0.1548851030839004 0.22809634518649047 0.16984909840912282 0.2047436354934678 0.254615533131181 0.22464824529429056 0.255961241888221 0.1553149499347601 0.22968599530867292 0.23697773434335156 0.22721341393194386 0.2592708283336955 0.2097205100774034 0.22019226886809196 0.0 0.12534824190934332 0.23340468529427733 0.2237515050905069 0.23952216966185108 0.2490539311365378 0.2309695627418842 0.2231732659195469 0.2373758252726964 0.23950490319874146 0.2223421008222191 0.22507064102389635 0.22590111037404742 0.22861983108812695 0.23405409017652598 
G000745735.fna 0.24089404173016077 0.26044257621935224 0.25298876427247996 0.2362337405672703 0.24110230297390461 0.21221219293659394 0.2380695452458797 0.24625241273699178 0.239704672010092 0.23583031330526263 0.15720414674414834 0.2328293354200775 0.17710948320428396 0.20844371409619894 0.25470011072668614 0.22766181059652824 0.2563085349041791 0.1623819520787238 0.23083649365636297 0.24094085425253325 0.22983477886299802 0.2589281609375719 0.21289843931276647 0.22154001456094646 0.12534824190934332 0.0 0.2401347079467749 0.22841902907234843 0.24135827920747238 0.25242359495949906 0.23318097598253035 0.22430935037774768 0.23845775562771046 0.24133549407846117 0.22581806364151077 0.22609789008822972 0.22719710815987923 0.2322852651397576 0.23810438909471932 
G000757525.fna 0.23723811561285638 0.2610094755159613 0.2364296190729098 0.23006454716206803 0.23575498983675522 0.2239979679879089 0.23603149425828862 0.2402756622623573 0.23285713694783577 0.25248888901607297 0.23553492916710844 0.2355633481832351 0.2367316049270235 0.2246800677556296 0.24955646538191784 0.21831962044800213 0.2519989729992733 0.2334992570631674 0.23573779881937473 0.2135016075567958 0.17690721535084766 0.25712023989741983 0.23051999009737256 0.2419120469745858 0.23340468529427733 0.2401347079467749 0.0 0.23599893584869752 0.23817746945467214 0.21901317526333886 0.19277348048610188 0.22780711477517862 0.24433266570586676 0.232114564359017 0.24266434854260419 0.22204822077922123 0.23526644265659896 0.23533601434659493 0.23499195037500936 
G000816845.fna 0.233943148888603 0.2631873129833 0.23882074836283468 0.22581172127368582 0.24301793809470018 0.18832278076138098 0.23955516129947146 0.2363612015227751 0.24307454086994376 0.20329280782307216 0.19944617863458358 0.184040090948128 0.19216855399601107 0.1846330680661356 0.2581379357504186 0.23137488464623843 0.2597336589128647 0.21981090125130473 0.23121931214748048 0.24054703005011271 0.2259298080869624 0.2638632117600079 0.20117206997560233 0.20265526826426536 0.2237515050905069 0.22841902907234843 0.23599893584869752 0.0 0.24820605425157544 0.2456620859586891 0.23089178044324046 0.23287009859631308 0.24314062982779466 0.24546723809931578 0.20010768985309763 0.22759842565859606 0.23639179582366104 0.23556011254627054 0.22338301198062932 
G000949895.fna 0.24904651537580252 0.24361215288170224 0.25893601543247513 0.24517686459303695 0.11394922969818921 0.23620761219662822 0.23101298303971607 0.2545635058261233 0.23246781193884616 0.25631079425041303 0.23833052138020855 0.23866184862948536 0.2412825930844973 0.23410833788651852 0.2033397833585171 0.22722178174762747 0.24161519684482335 0.20765048038717288 0.2395170966325292 0.2357329649727272 0.22959771034268833 0.1502634231114643 0.23847313329466988 0.24572625332126335 0.23952216966185108 0.24135827920747238 0.23817746945467214 0.24820605425157544 0.0 0.24576048002958373 0.23138293092003676 0.22894142530310896 0.2394610718219744 0.12537687191068592 0.2483744583581699 0.23340266363970902 0.20852478312591588 0.24057264567944997 0.2475487921860131 
G000967425.fna 0.24010002574994313 0.2601647962097726 0.2511197609997337 0.2354142278550515 0.24112508827845186 0.23553840543711507 0.23621580117819507 0.24211538269859173 0.2271004268423276 0.2540587603411255 0.24147648273348776 0.24148807856889407 0.24503430943872287 0.23704583345491936 0.25200456322330467 0.21819190302785002 0.2510535302178785 0.2462830148700868 0.23684969429818348 0.1894892352784695 0.21711011371214417 0.2561808234576612 0.24365651315065276 0.2464174426966112 0.2490539311365378 0.25242359495949906 0.21901317526333886 0.2456620859586891 0.24576048002958373 0.0 0.21190290788322536 0.23217921810697945 0.2503025726954732 0.2283522421877214 0.24679016970013795 0.2217882512210619 0.24325275567117466 0.23905368971263158 0.2374747342470721 
G001005825.fna 0.22968236148054935 0.256673172712571 0.24340827958817052 0.2264413576381734 0.22223309913814032 0.22048293221256104 0.23052825217650647 0.23506274784304182 0.22662348840013427 0.2475468829321671 0.2280345646739592 0.22038342375756506 0.2322312214643028 0.21969076812766591 0.24205657560403399 0.21205356600382902 0.24633939976302527 0.22806205598564572 0.22749541546529187 0.20492320160010163 0.1941888295040528 0.2515904961902637 0.22706514012753712 0.23580998168059208 0.2309695627418842 0.23318097598253035 0.19277348048610188 0.23089178044324046 0.23138293092003676 0.21190290788322536 0.0 0.22154823019444736 0.2392225970110959 0.21730733778270728 0.23917707671211563 0.21349558467320412 0.22897797483289828 0.2308995244721378 0.22719458908368056 
G001424985.fna 0.21330811031552574 0.24926650812175427 0.2266285247041199 0.20660615434232654 0.22693654536183713 0.2160066840487935 0.21965317517722854 0.21757318510445323 0.2210812422479971 0.24056717666316205 0.2214068848944683 0.1868671583141105 0.2242194653451962 0.21579702918762533 0.23995849948963216 0.20548750989691988 0.2402795768504404 0.22094447256386845 0.19572250029460975 0.2229184218592642 0.2187474296773108 0.24661514360177872 0.22256485300200568 0.23122314222886192 0.2231732659195469 0.22430935037774768 0.22780711477517862 0.23287009859631308 0.22894142530310896 0.23217921810697945 0.22154823019444736 0.0 0.1911079489221325 0.22637940628472952 0.23017279994641948 0.189810045960649 0.18406927388576905 0.19753491567192166 0.2087922322571113 
G001426665.fna 0.22914713935598868 0.24563623652517896 0.24022938861851262 0.22397316626139166 0.23727216244642574 0.23126270503697174 0.2243612092819384 0.23662621175782622 0.2294038511532221 0.2536994559777576 0.23329472261419912 0.17665794427125797 0.2373903722408273 0.22970142974939667 0.2493293327882814 0.223701381981733 0.2557566838079266 0.23363543096214817 0.21250448858827148 0.23739390615379513 0.23242573650547782 0.2503907977916001 0.2365554512348343 0.2367654381574783 0.2373758252726964 0.23845775562771046 0.24433266570586676 0.24314062982779466 0.2394610718219744 0.2503025726954732 0.2392225970110959 0.1911079489221325 0.0 0.23926779427122147 0.24300588718456734 0.21610036412670655 0.15249354544402846 0.2119095349160453 0.22788484471065715 
G001427625.fna 0.24638038989095362 0.24658907685503362 0.2583689498286692 0.24374829565408546 0.1178652729340104 0.234592988652514 0.23189690365506213 0.24785791707710209 0.232738310776048 0.25563361017239183 0.23564230786111262 0.23516663687481743 0.24046372039982122 0.2338059720398657 0.19992250352375285 0.22526195260499174 0.23733808174282853 0.2315234071069816 0.2361613519384029 0.23440338420732104 0.22886990563956153 0.20966988410913362 0.23425228115435837 0.24808194261243888 0.23950490319874146 0.24133549407846117 0.232114564359017 0.24546723809931578 0.12537687191068592 0.2283522421877214 0.21730733778270728 0.22637940628472952 0.23926779427122147 0.0 0.24746103506380407 0.21989664932527997 0.23266525487581163 0.2370691961298 0.244742743204139 
G001542405.fna 0.24116068102005073 0.26629081542946814 0.25188774629937943 0.2348519441867714 0.2455372452364973 0.20100207519933017 0.24452755826329917 0.24777737212348028 0.24045405578501122 0.10228895942665311 0.20936954669358412 0.22885425687244942 0.20956052352367852 0.2047697936702687 0.2530878946251642 0.23300696609448923 0.26171348062836913 0.22249154774495467 0.22972193791292483 0.24187277923041134 0.23269579113518787 0.26013157969762235 0.2063107061098694 0.185632132508116 0.2223421008222191 0.22581806364151077 0.24266434854260419 0.20010768985309763 0.2483744583581699 0.24679016970013795 0.23917707671211563 0.23017279994641948 0.24300588718456734 0.24746103506380407 0.0 0.2313565279777937 0.23777587222950125 0.2340435823910615 0.23612507087891213 
G001652565.fna 0.2060073294357413 0.2518377216191057 0.22105187489887992 0.1984625278761949 0.22988771360138432 0.21090773707888627 0.22264318807397304 0.2112029728986023 0.21840457579427325 0.24100557566306352 0.22013930204626647 0.2027274834894207 0.22340292999089517 0.21268182922578122 0.247270852852166 0.19865734218907086 0.24564192793523498 0.22108730801216736 0.19403597620951774 0.215218641524376 0.21583067237546577 0.25363654933814966 0.2225619439270659 0.22993003239465065 0.22507064102389635 0.22609789008822972 0.22204822077922123 0.22759842565859606 0.23340266363970902 0.2217882512210619 0.21349558467320412 0.189810045960649 0.21610036412670655 0.21989664932527997 0.2313565279777937 0.0 0.2043417129728523 0.19855642364370812 0.20205039072039033 
G001687365.fna 0.2198776435468776 0.24223856076217087 0.23343803846600159 0.21153860222881984 0.2027675205694225 0.22116786106510966 0.2195672642969233 0.22550022532516822 0.22695357669160865 0.24822301464605406 0.225073028210691 0.16060186515721675 0.23065765795148685 0.2178287970181172 0.24572330654348035 0.21228126069357695 0.24917714810098862 0.21891362810933845 0.2059548686854658 0.22875669272594346 0.22206638372576984 0.21947637504514228 0.22756755594159472 0.2252229922413409 0.22590111037404742 0.22719710815987923 0.23526644265659896 0.23639179582366104 0.20852478312591588 0.24325275567117466 0.22897797483289828 0.18406927388576905 0.15249354544402846 0.23266525487581163 0.23777587222950125 0.2043417129728523 0.0 0.2050326222976479 0.21464940887770723 
G001695855.fna 0.19300123039943154 0.25972442807937124 0.20847039922137744 0.18564830745312605 0.23859981715262513 0.22414963509644636 0.228897469484228 0.1985040774557891 0.23027458609752793 0.24147451187392052 0.22698419187718005 0.2039288332052115 0.22950530048621426 0.22251266528346522 0.252387284556345 0.2137759187294408 0.251348339821451 0.2279105697815656 0.15687365166209494 0.23001370614125147 0.2282781521904445 0.2579738097455697 0.2300679984061587 0.2319964440336544 0.22861983108812695 0.2322852651397576 0.23533601434659493 0.23556011254627054 0.24057264567944997 0.23905368971263158 0.2308995244721378 0.19753491567192166 0.2119095349160453 0.2370691961298 0.2340435823910615 0.19855642364370812 0.2050326222976479 0.0 0.1897864631261257 
G001889105.fna 0.17043995960506303 0.2644514528364029 0.18415968770581775 0.120472086927257 0.2431874058083589 0.2177582052037232 0.2383808792210525 0.17041928262628192 0.23711578050344395 0.24343829427464594 0.22657082558168484 0.20676119139128993 0.2282569487651478 0.2215179765401601 0.26114969730489646 0.21775158719087967 0.2529198622911577 0.23107107034153312 0.18869130756317906 0.23196032557714588 0.2301087784309832 0.2662173215230096 0.23261297577848006 0.23782985854478048 0.23405409017652598 0.23810438909471932 0.23499195037500936 0.22338301198062932 0.2475487921860131 0.2374747342470721 0.22719458908368056 0.2087922322571113 0.22788484471065715 0.244742743204139 0.23612507087891213 0.20205039072039033 0.21464940887770723 0.1897864631261257 0.0 
