39
G000006965.fna 0.0 0.23417958839286057 0.1133338129459877 0.15535473263154798 0.22176419072520157 0.20600924586824657 0.21616279102261743 0.1677018417264241 0.21663251898754954 0.21898860214316895 0.21042642225025546 0.1974181916843591 0.21252887588080072 0.20789909584052596 0.2334855800293168 0.20496951356646498 0.23270062099999556 0.21474675797145387 0.1769788373607601 0.21415409808380886 0.21422805384482624 0.24184164513689493 0.2159035383152849 0.2207452981898827 0.21791883774442905 0.21859784587273756 0.21467238955731777 0.21096948277490069 0.22462835052025024 0.21441226047984419 0.20845408779372482 0.19670866795033998 0.21069346917851475 0.22308112831687021 0.21603557444323945 0.19152999476872726 0.20408726744235522 0.17844386370487894 0.15844152962715796 
G000016285.fna 0.23417958839286057 0.0 0.24101191822905277 0.23366301782476648 0.20914817281328074 0.22702411300145628 0.20949267833491164 0.24127212323637753 0.21516196478970728 0.23922200978493 0.22743382578949875 0.22746528317174508 0.23064497387291633 0.22811926435308144 0.21974974830072094 0.2127980657624466 0.20211015613583178 0.22644975848078658 0.23049452038155804 0.22873754414744965 0.2216956624532307 0.18639284862317318 0.23486786907403168 0.23323683706361598 0.23216702869590222 0.23344254768751857 0.23436193170804565 0.23400448579510533 0.21869982016763465 0.22820469997509796 0.23018808639634325 0.22306741808697805 0.21628008995851375 0.22210332446110587 0.23533493117829712 0.22645730254918245 0.21658472082681873 0.23189016959986575 0.23680995444074343 
G000017145.fna 0.1133338129459877 0.24101191822905277 0.0 0.1690933556008672 0.2312371845414106 0.21374567644363657 0.22584653605754312 0.17919957439819373 0.22503773514091943 0.2243220656967937 0.2196231882491136 0.20573304899639522 0.22232900199798888 0.21791863052869234 0.24023872849038203 0.2155921787242383 0.23773844498300012 0.2242496274972975 0.19007808017731087 0.22357889977664352 0.22306076898189098 0.2447301971328688 0.2270285685389904 0.22622948515034158 0.22668800693990016 0.2281044858836378 0.2057633516522935 0.21232484571355853 0.23231597240373703 0.22201832898977752 0.21988325296060102 0.20763396103956533 0.2190885508815248 0.2324947649314023 0.2234589036293665 0.20473966440336872 0.2140602376383705 0.19125014215683261 0.16912538597588164 
G000018545.fna 0.15535473263154798 0.23366301782476648 0.1690933556008672 0.0 0.22020647485354772 0.1978784431591868 0.21381444416555614 0.1255131599691766 0.21328505288434718 0.2127234194132281 0.20581988016806263 0.1897974258407834 0.20588418265017563 0.20024963447242572 0.23384652342715312 0.1974302052679674 0.23138210193605432 0.2078587411063554 0.169513761053242 0.20793354172369893 0.2062757185322865 0.23952624663296818 0.21190922796413192 0.2149873921066424 0.21073170191817203 0.2149720073019929 0.20826528170746783 0.20459496775600378 0.2224428834731998 0.2118000028060147 0.2062065246821535 0.19058676501394606 0.20612624034439475 0.22214992564123964 0.2115044623105645 0.18397819691363532 0.1956572338566872 0.17188883288037918 0.11259923423472326 
G000092025.fna 0.22176419072520157 0.20914817281328074 0.2312371845414106 0.22020647485354772 0.0 0.21074153181591965 0.20803844755724082 0.22710486427992027 0.20703141415106735 0.22651530589536722 0.21136750183141956 0.2134235706605524 0.21540935097620018 0.2088032710408554 0.17915816926079106 0.20362570499599947 0.21363251392289578 0.20947624562482903 0.21283665012383157 0.2120157240539258 0.2060936560285274 0.13087473850292705 0.21107742679097266 0.22064972351679635 0.21740092519046078 0.21754721379003356 0.21510578976106637 0.21916886667922733 0.10263886303764569 0.2161128553686587 0.20233556004232153 0.20553363092354943 0.21304645011482143 0.10849166321363796 0.21969292591643794 0.2097781177863443 0.17533665375625782 0.21520205233431752 0.22016427173124004 
G000092045.fna 0.20600924586824657 0.22702411300145628 0.21374567644363657 0.1978784431591868 0.21074153181591965 0.0 0.20924466041916273 0.21035479174583827 0.20728397941819107 0.18351479629887252 0.18451031378641328 0.19363381119138834 0.1843043628988863 0.1227167424967913 0.22014277026383766 0.1964283923120982 0.22493071027874947 0.18591559498764088 0.20017854152572484 0.2064592451820171 0.195334930338888 0.23001516922136428 0.1628140385173349 0.18355329145911245 0.18957841378635693 0.19416784934695108 0.20218711784331173 0.17189351182464258 0.21395210059487854 0.2107213551609034 0.2012244138798041 0.1970478746128142 0.20994434113325988 0.2128594135667496 0.18234135009590116 0.19377147372475917 0.20230490316401742 0.2040318979995946 0.19899594345681298 
G000247475.fna 0.21616279102261743 0.20949267833491164 0.22584653605754312 0.21381444416555614 0.20803844755724082 0.20924466041916273 0.0 0.22204360843100407 0.16868828577921918 0.221887709875828 0.21060451931632201 0.20335158686917298 0.21339804649486865 0.20718701950167184 0.21779872279839427 0.17450087625101743 0.2151973615763867 0.2035809187931306 0.20423823707676794 0.2015287907399929 0.20048827202288938 0.22001049274765674 0.2126774627922949 0.2112913348101085 0.21459764424499733 0.21463218183714805 0.21475112301199412 0.21475774968554462 0.2086283593656614 0.21231765592084106 0.2097115322158778 0.19856011070052 0.20087759121265988 0.20969515775445902 0.2188342066467195 0.20339659095384083 0.19741092805639032 0.20650945269190968 0.21552397790159042 
G000261485.fna 0.1677018417264241 0.24127212323637753 0.17919957439819373 0.1255131599691766 0.22710486427992027 0.21035479174583827 0.22204360843100407 0.0 0.22057724512096094 0.22191435203643184 0.21507018765694966 0.19992393949292286 0.2168455366990562 0.21109478100395715 0.23855196409423363 0.20873368714619348 0.23472567650419296 0.21770073241635624 0.1828822680145006 0.21808928894418209 0.21807260471193846 0.2457931416034907 0.22029919078766233 0.2254708830274143 0.22086520099341062 0.22295369449235214 0.21674885773672514 0.2130357830269591 0.2299309492276861 0.21679964300404292 0.21400122081605683 0.20063475153935506 0.21687062356409542 0.22356258220635872 0.222005701958305 0.19632600416796359 0.20800412493482162 0.18190706840424775 0.1576154724586996 
G000300855.fna 0.21663251898754954 0.21516196478970728 0.22503773514091943 0.21328505288434718 0.20703141415106735 0.20728397941819107 0.16868828577921918 0.22057724512096094 0.0 0.2216668236228343 0.2086599487209878 0.2076069296231947 0.21402881887292585 0.20623049687360434 0.2160393444547113 0.17689857057814673 0.2117477904515036 0.20890322513435322 0.2041893576457472 0.19672198672375973 0.20286672690939314 0.2169411471521592 0.20889360663248274 0.2144070690799173 0.21391736471200495 0.2153669250616584 0.21124090180280874 0.217369096470524 0.208791345580776 0.2037934425142972 0.2054245001038988 0.19988572732735177 0.20601702289706242 0.20970883584839 0.21408897678140523 0.19821131022652927 0.20531599461345662 0.20769488085944138 0.2142829748925638 
G000312665.fna 0.21898860214316895 0.23922200978493 0.2243220656967937 0.2127234194132281 0.22651530589536722 0.18351479629887252 0.221887709875828 0.22191435203643184 0.2216668236228343 0.0 0.1930997239210704 0.21708482497652692 0.19533333112562742 0.19179518978672883 0.23246734099616456 0.21790600824207396 0.2342397520306861 0.2072921974770096 0.21484945417457835 0.22657057237329048 0.21924363210378128 0.2384901669453438 0.1924361387682072 0.1762000928818901 0.20877404571987346 0.21243709489165502 0.22679807077307712 0.18142724504825877 0.2300007964648459 0.22397579455341954 0.22200114992186526 0.21740001784929266 0.22665604667846928 0.22858877395380994 0.08816183058648985 0.21827083559389499 0.22491816964437336 0.21628299807002987 0.21916315433528047 
G000330885.fna 0.21042642225025546 0.22743382578949875 0.2196231882491136 0.20581988016806263 0.21136750183141956 0.18451031378641328 0.21060451931632201 0.21507018765694966 0.2086599487209878 0.1930997239210704 0.0 0.18042332808678938 0.08859119053826309 0.18598784946767272 0.22431295839436874 0.20081790962256874 0.22193701500052776 0.15615615558826051 0.20121810080794722 0.21204626312473981 0.20282220975531068 0.2288653002981319 0.18914266303490168 0.1983431287741168 0.1426201379978953 0.1450640924299964 0.21359822916695687 0.177028537605812 0.21432082317474016 0.21516197230253875 0.2056598053348534 0.2005695512545952 0.21001570592367938 0.21137649624913873 0.18605845388296294 0.20085490735515588 0.2036612364938805 0.20428886848351208 0.20563414610293185 
G000379605.fna 0.1974181916843591 0.22746528317174508 0.20573304899639522 0.1897974258407834 0.2134235706605524 0.19363381119138834 0.20335158686917298 0.19992393949292286 0.2076069296231947 0.21708482497652692 0.18042332808678938 0.0 0.17520527809663083 0.19733639548374682 0.22694453854563545 0.19311963077716715 0.2295032070031131 0.2028869184842073 0.18702016690049997 0.20866402667008369 0.20026757840621248 0.23036199230201929 0.20887949906117853 0.20693867350823625 0.20658807531991763 0.21121777701333622 0.21383323481214855 0.16018307761641853 0.2155663001364656 0.21592948400435158 0.1969314930440555 0.17186776021661948 0.1621071042757526 0.21172093652282775 0.20532588130815765 0.18710543297256188 0.14803739706654376 0.18673235745463365 0.19111042081345525 
G000426285.fna 0.21252887588080072 0.23064497387291633 0.22232900199798888 0.20588418265017563 0.21540935097620018 0.1843043628988863 0.21339804649486865 0.2168455366990562 0.21402881887292585 0.19533333112562742 0.08859119053826309 0.17520527809663083 0.0 0.1876756868998603 0.22825740986582835 0.2053167337008508 0.22537548182532705 0.14709142071114867 0.2055034442042947 0.21660454450957706 0.20780427198932339 0.2345946270894087 0.19252479954298896 0.20140246088711944 0.1561043706647451 0.16249422891838972 0.21431212868320007 0.16993981531476834 0.21734816816679742 0.21808951835460322 0.2105954239532555 0.20372656485786506 0.21339649117785214 0.21682129820671614 0.1866460225406259 0.20452268392427847 0.20961442635850502 0.20716951249744772 0.20736467240736947 
G000517605.fna 0.20789909584052596 0.22811926435308144 0.21791863052869234 0.20024963447242572 0.2088032710408554 0.1227167424967913 0.20718701950167184 0.21109478100395715 0.20623049687360434 0.19179518978672883 0.18598784946767272 0.19733639548374682 0.1876756868998603 0.0 0.2263376943511161 0.19576998755132607 0.22690541828017308 0.1844652568888688 0.20041953818425173 0.20806580179610926 0.19136032955658033 0.2260154748662207 0.15912847576071315 0.18044328003487395 0.18705477450512764 0.19077090581497055 0.2047633463651256 0.16784906354797896 0.21235296911178314 0.21250223954327915 0.20127196308867373 0.19624150121158623 0.20816748592267126 0.21181623652890663 0.18628071231190704 0.19514430859450502 0.19813872358049117 0.20219241829832968 0.20212154259105491 
G000518585.fna 0.2334855800293168 0.21974974830072094 0.24023872849038203 0.23384652342715312 0.17915816926079106 0.22014277026383766 0.21779872279839427 0.23855196409423363 0.2160393444547113 0.23246734099616456 0.22431295839436874 0.22694453854563545 0.22825740986582835 0.2263376943511161 0.0 0.21774138177294325 0.2177360588868119 0.2215257785808223 0.22599726468803608 0.22171112279639682 0.22043889700296385 0.17012074653774592 0.22290169235653085 0.23053932859004683 0.2295719809372968 0.22894303621711987 0.2264642256586667 0.2317973893666885 0.18418036935393647 0.22542806818655192 0.22031198451012096 0.21659945488673865 0.2230347578807102 0.18083575613414796 0.2257213515458759 0.22428522318352978 0.22141126713803658 0.2265334861518245 0.23492587844354018 
G000518785.fna 0.20496951356646498 0.2127980657624466 0.2155921787242383 0.1974302052679674 0.20362570499599947 0.1964283923120982 0.17450087625101743 0.20873368714619348 0.17689857057814673 0.21790600824207396 0.20081790962256874 0.19311963077716715 0.2053167337008508 0.19576998755132607 0.21774138177294325 0.0 0.21167670486937462 0.20032697339495562 0.19158735928562903 0.18919704920879138 0.18905030434830047 0.22192131034947304 0.2035750276968742 0.20712682001196375 0.204136786276144 0.206690781699702 0.1995216980848811 0.2099161400415483 0.2060325327189298 0.1988176929261954 0.19402176116692396 0.18756395552819344 0.2026535450151195 0.20485567848140718 0.20952784288190987 0.1835255647758207 0.19223611293748544 0.1947728437733567 0.20010259464089003 
G000621665.fna 0.23270062099999556 0.20211015613583178 0.23773844498300012 0.23138210193605432 0.21363251392289578 0.22493071027874947 0.2151973615763867 0.23472567650419296 0.2117477904515036 0.2342397520306861 0.22193701500052776 0.2295032070031131 0.22537548182532705 0.22690541828017308 0.2177360588868119 0.21167670486937462 0.0 0.22787478518505772 0.2274927764438195 0.22805472271785 0.22459876599749168 0.2242971350857016 0.2296455768883105 0.23607042913658632 0.2314197705369736 0.23186576387578325 0.22834952492124255 0.23281651749357707 0.21832385006204408 0.2242496594399482 0.2234457966869635 0.21837780796898654 0.23060666091995274 0.21547697519750555 0.2335738942717629 0.22295634223939068 0.22685888128975185 0.22618731231114308 0.2291321091804821 
G000696095.fna 0.21474675797145387 0.22644975848078658 0.2242496274972975 0.2078587411063554 0.20947624562482903 0.18591559498764088 0.2035809187931306 0.21770073241635624 0.20890322513435322 0.2072921974770096 0.15615615558826051 0.2028869184842073 0.14709142071114867 0.1844652568888688 0.2215257785808223 0.20032697339495562 0.22787478518505772 0.0 0.20335530262325732 0.21153883899975842 0.2030479273868138 0.22694813844862755 0.18998773808065242 0.19607863227457384 0.14272328278198684 0.14859812377309434 0.21157140517920497 0.20028003894041196 0.1799265175262582 0.22082054387715194 0.20711843003192315 0.20021039699323645 0.21146594868825636 0.20865647727987005 0.20104081791846465 0.20299417711956505 0.1993163287271567 0.20685478809955388 0.21134218995781978 
G000697965.fna 0.1769788373607601 0.23049452038155804 0.19007808017731087 0.169513761053242 0.21283665012383157 0.20017854152572484 0.20423823707676794 0.1828822680145006 0.2041893576457472 0.21484945417457835 0.20121810080794722 0.18702016690049997 0.2055034442042947 0.20041953818425173 0.22599726468803608 0.19158735928562903 0.2274927764438195 0.20335530262325732 0.0 0.20572941635594083 0.20296554986830717 0.23209433363241894 0.205520605100165 0.2084435383414388 0.20734975744293505 0.2086716998397773 0.2134559336517122 0.20790124716133374 0.2151613123881983 0.2117379465995147 0.20606034310001434 0.17958015606164332 0.19452742553517122 0.21238041343313743 0.20565277358087475 0.17922036129168425 0.18972252118915706 0.1447239500325173 0.17409889203800827 
G000722615.fna 0.21415409808380886 0.22873754414744965 0.22357889977664352 0.20793354172369893 0.2120157240539258 0.2064592451820171 0.2015287907399929 0.21808928894418209 0.19672198672375973 0.22657057237329048 0.21204626312473981 0.20866402667008369 0.21660454450957706 0.20806580179610926 0.22171112279639682 0.18919704920879138 0.22805472271785 0.21153883899975842 0.20572941635594083 0.0 0.18869924342037817 0.22353598135929717 0.21141790350837864 0.2147965484379914 0.2146407604967635 0.21894245217842484 0.19727422131547162 0.21704092923737228 0.21304136644257987 0.17516577131361755 0.18981876971863165 0.2034403349805459 0.21436850389129217 0.21368233250938762 0.21725039189761042 0.1972223107702398 0.20727966928508618 0.20892446347172194 0.21185942787606857 
G000731315.fna 0.21422805384482624 0.2216956624532307 0.22306076898189098 0.2062757185322865 0.2060936560285274 0.195334930338888 0.20048827202288938 0.21807260471193846 0.20286672690939314 0.21924363210378128 0.20282220975531068 0.20026757840621248 0.20780427198932339 0.19136032955658033 0.22043889700296385 0.18905030434830047 0.22459876599749168 0.2030479273868138 0.20296554986830717 0.18869924342037817 0.0 0.22290410839794572 0.1996211110020396 0.20516654254696773 0.20555982301642817 0.20838623340264095 0.1650141658907404 0.20388618883355245 0.20813465986427745 0.19734060899637518 0.17966510428327304 0.198239574302408 0.2092607892072016 0.20865387729502 0.2091415760987333 0.19734763470065478 0.20120413115192914 0.20680820800202698 0.20906185894686108 
G000739935.fna 0.24184164513689493 0.18639284862317318 0.2447301971328688 0.23952624663296818 0.13087473850292705 0.23001516922136428 0.22001049274765674 0.2457931416034907 0.2169411471521592 0.2384901669453438 0.2288653002981319 0.23036199230201929 0.2345946270894087 0.2260154748662207 0.17012074653774592 0.22192131034947304 0.2242971350857016 0.22694813844862755 0.23209433363241894 0.22353598135929717 0.22290410839794572 0.0 0.22897241641556654 0.2326948661754396 0.2338654804000878 0.23328600388831625 0.23250163051652983 0.2371358134392483 0.12747942465116846 0.22781678939887406 0.2280433273427394 0.22402398987503475 0.22462701396335055 0.19021027212495784 0.23271142276878395 0.2293647718514364 0.19031220456221887 0.23220940336551377 0.23965780036941525 
G000744505.fna 0.2159035383152849 0.23486786907403168 0.2270285685389904 0.21190922796413192 0.21107742679097266 0.1628140385173349 0.2126774627922949 0.22029919078766233 0.20889360663248274 0.1924361387682072 0.18914266303490168 0.20887949906117853 0.19252479954298896 0.15912847576071315 0.22290169235653085 0.2035750276968742 0.2296455768883105 0.18998773808065242 0.205520605100165 0.21141790350837864 0.1996211110020396 0.22897241641556654 0.0 0.18418458862064493 0.1916280285740672 0.19440677780204213 0.20951167338324306 0.18306860713041403 0.21622389273373657 0.2171524073729298 0.20641052977411548 0.2024699298354782 0.21448238151518254 0.2117164278992697 0.18728089783579033 0.20300986772911234 0.20772055539993456 0.20960629649698642 0.21037009946448926 
G000745655.fna 0.2207452981898827 0.23323683706361598 0.22622948515034158 0.2149873921066424 0.22064972351679635 0.18355329145911245 0.2112913348101085 0.2254708830274143 0.2144070690799173 0.1762000928818901 0.1983431287741168 0.20693867350823625 0.20140246088711944 0.18044328003487395 0.23053932859004683 0.20712682001196375 0.23607042913658632 0.19607863227457384 0.2084435383414388 0.2147965484379914 0.20516654254696773 0.2326948661754396 0.18418458862064493 0.0 0.20044487449054763 0.20118235998135775 0.21918836742801961 0.18344615672789094 0.22105314210002097 0.22019682550972658 0.21391405859798576 0.209393580689043 0.21228986591953072 0.22399898309873922 0.16775664935287418 0.21008692148223546 0.2040731473760225 0.21046838162773035 0.21614189073216433 
G000745725.fna 0.21791883774442905 0.23216702869590222 0.22668800693990016 0.21073170191817203 0.21740092519046078 0.18957841378635693 0.21459764424499733 0.22086520099341062 0.21391736471200495 0.20877404571987346 0.1426201379978953 0.20658807531991763 0.1561043706647451 0.18705477450512764 0.2295719809372968 0.204136786276144 0.2314197705369736 0.14272328278198684 0.20734975744293505 0.2146407604967635 0.20555982301642817 0.2338654804000878 0.1916280285740672 0.20044487449054763 0.0 0.11607771475691295 0.21180336032823732 0.202903656640962 0.21492909043400232 0.22289467513671837 0.20961378873362851 0.20261162810762057 0.2148503015384694 0.21567867001127022 0.19991363944302024 0.2059665141122935 0.20535316125607905 0.2073655647391516 0.21260473591845241 
G000745735.fna 0.21859784587273756 0.23344254768751857 0.2281044858836378 0.2149720073019929 0.21754721379003356 0.19416784934695108 0.21463218183714805 0.22295369449235214 0.2153669250616584 0.21243709489165502 0.1450640924299964 0.21121777701333622 0.16249422891838972 0.19077090581497055 0.22894303621711987 0.206690781699702 0.23186576387578325 0.14859812377309434 0.2086716998397773 0.21894245217842484 0.20838623340264095 0.23328600388831625 0.19440677780204213 0.20118235998135775 0.11607771475691295 0.0 0.21890798251569357 0.20670374654804952 0.21763291278870603 0.22499363037550707 0.211372331501695 0.20344959670737633 0.21609785647112267 0.2177665078165103 0.20400755594112854 0.20732897155517233 0.20637183401936235 0.21037286624104684 0.2165434386815574 
G000757525.fna 0.21467238955731777 0.23436193170804565 0.2057633516522935 0.20826528170746783 0.21510578976106637 0.20218711784331173 0.21475112301199412 0.21674885773672514 0.21124090180280874 0.22679807077307712 0.21359822916695687 0.21383323481214855 0.21431212868320007 0.2047633463651256 0.2264642256586667 0.1995216980848811 0.22834952492124255 0.21157140517920497 0.2134559336517122 0.19727422131547162 0.1650141658907404 0.23250163051652983 0.20951167338324306 0.21918836742801961 0.21180336032823732 0.21890798251569357 0.0 0.21253539537081634 0.21658956493997505 0.19834053186722259 0.17807438407573145 0.20794951045165466 0.22155090573069497 0.2109572392406988 0.21830225079078347 0.20301194478832013 0.213921441157649 0.21439287212445862 0.21272501293219492 
G000816845.fna 0.21096948277490069 0.23400448579510533 0.21232484571355853 0.20459496775600378 0.21916886667922733 0.17189351182464258 0.21475774968554462 0.2130357830269591 0.217369096470524 0.18142724504825877 0.177028537605812 0.16018307761641853 0.16993981531476834 0.16784906354797896 0.2317973893666885 0.2099161400415483 0.23281651749357707 0.20028003894041196 0.20790124716133374 0.21704092923737228 0.20388618883355245 0.2371358134392483 0.18306860713041403 0.18344615672789094 0.202903656640962 0.20670374654804952 0.21253539537081634 0.0 0.22398428463168385 0.2183266515365852 0.20907737546302657 0.21052975195652107 0.21841422538903008 0.221517960697791 0.1794689834066554 0.2077109594324118 0.21484987123436844 0.21324600036122732 0.20206949430976895 
G000949895.fna 0.22462835052025024 0.21869982016763465 0.23231597240373703 0.2224428834731998 0.10263886303764569 0.21395210059487854 0.2086283593656614 0.2299309492276861 0.208791345580776 0.2300007964648459 0.21432082317474016 0.2155663001364656 0.21734816816679742 0.21235296911178314 0.18418036935393647 0.2060325327189298 0.21832385006204408 0.1799265175262582 0.2151613123881983 0.21304136644257987 0.20813465986427745 0.12747942465116846 0.21622389273373657 0.22105314210002097 0.21492909043400232 0.21763291278870603 0.21658956493997505 0.22398428463168385 0.0 0.2202869923153345 0.21131517776519043 0.20714463987336112 0.21541770482581526 0.11553119240814033 0.22212767141807035 0.21320621847353294 0.18173148457732252 0.21677696436850788 0.22452604493480255 
G000967425.fna 0.21441226047984419 0.22820469997509796 0.22201832898977752 0.2118000028060147 0.2161128553686587 0.2107213551609034 0.21231765592084106 0.21679964300404292 0.2037934425142972 0.22397579455341954 0.21516197230253875 0.21592948400435158 0.21808951835460322 0.21250223954327915 0.22542806818655192 0.1988176929261954 0.2242496594399482 0.22082054387715194 0.2117379465995147 0.17516577131361755 0.19734060899637518 0.22781678939887406 0.2171524073729298 0.22019682550972658 0.22289467513671837 0.22499363037550707 0.19834053186722259 0.2183266515365852 0.2202869923153345 0.0 0.19220791486760522 0.2078099989357302 0.2232787876526035 0.20067746288306332 0.2182247107548027 0.19924048485558682 0.2187837351303327 0.21373624717944414 0.21288879842920222 
G001005825.fna 0.20845408779372482 0.23018808639634325 0.21988325296060102 0.2062065246821535 0.20233556004232153 0.2012244138798041 0.2097115322158778 0.21400122081605683 0.2054245001038988 0.22200114992186526 0.2056598053348534 0.1969314930440555 0.2105954239532555 0.20127196308867373 0.22031198451012096 0.19402176116692396 0.2234457966869635 0.20711843003192315 0.20606034310001434 0.18981876971863165 0.17966510428327304 0.2280433273427394 0.20641052977411548 0.21391405859798576 0.20961378873362851 0.211372331501695 0.17807438407573145 0.20907737546302657 0.21131517776519043 0.19220791486760522 0.0 0.20168883589793873 0.21710049870379533 0.19371850599153234 0.21614067616562793 0.19549742921764654 0.20931314928787065 0.21045066182142252 0.2068066528679796 
G001424985.fna 0.19670866795033998 0.22306741808697805 0.20763396103956533 0.19058676501394606 0.20553363092354943 0.1970478746128142 0.19856011070052 0.20063475153935506 0.19988572732735177 0.21740001784929266 0.2005695512545952 0.17186776021661948 0.20372656485786506 0.19624150121158623 0.21659945488673865 0.18756395552819344 0.21837780796898654 0.20021039699323645 0.17958015606164332 0.2034403349805459 0.198239574302408 0.22402398987503475 0.2024699298354782 0.209393580689043 0.20261162810762057 0.20344959670737633 0.20794951045165466 0.21052975195652107 0.20714463987336112 0.2078099989357302 0.20168883589793873 0.0 0.17528711568563354 0.20499554208343312 0.2069458725476765 0.1757904827235931 0.1695760882702374 0.18241920120377125 0.19277756927581335 
G001426665.fna 0.21069346917851475 0.21628008995851375 0.2190885508815248 0.20612624034439475 0.21304645011482143 0.20994434113325988 0.20087759121265988 0.21687062356409542 0.20601702289706242 0.22665604667846928 0.21001570592367938 0.1621071042757526 0.21339649117785214 0.20816748592267126 0.2230347578807102 0.2026535450151195 0.23060666091995274 0.21146594868825636 0.19452742553517122 0.21436850389129217 0.2092607892072016 0.22462701396335055 0.21448238151518254 0.21228986591953072 0.2148503015384694 0.21609785647112267 0.22155090573069497 0.21841422538903008 0.21541770482581526 0.2232787876526035 0.21710049870379533 0.17528711568563354 0.0 0.21577470747204835 0.21772079992234472 0.2001078070176237 0.14001776885269815 0.19503658471880708 0.21048692121111048 
G001427625.fna 0.22308112831687021 0.22210332446110587 0.2324947649314023 0.22214992564123964 0.10849166321363796 0.2128594135667496 0.20969515775445902 0.22356258220635872 0.20970883584839 0.22858877395380994 0.21137649624913873 0.21172093652282775 0.21682129820671614 0.21181623652890663 0.18083575613414796 0.20485567848140718 0.21547697519750555 0.20865647727987005 0.21238041343313743 0.21368233250938762 0.20865387729502 0.19021027212495784 0.2117164278992697 0.22399898309873922 0.21567867001127022 0.2177665078165103 0.2109572392406988 0.221517960697791 0.11553119240814033 0.20067746288306332 0.19371850599153234 0.20499554208343312 0.21577470747204835 0.0 0.22134989565455856 0.19842172989967502 0.21076401879903647 0.21355490916811976 0.2222389603745819 
G001542405.fna 0.21603557444323945 0.23533493117829712 0.2234589036293665 0.2115044623105645 0.21969292591643794 0.18234135009590116 0.2188342066467195 0.222005701958305 0.21408897678140523 0.08816183058648985 0.18605845388296294 0.20532588130815765 0.1866460225406259 0.18628071231190704 0.2257213515458759 0.20952784288190987 0.2335738942717629 0.20104081791846465 0.20565277358087475 0.21725039189761042 0.2091415760987333 0.23271142276878395 0.18728089783579033 0.16775664935287418 0.19991363944302024 0.20400755594112854 0.21830225079078347 0.1794689834066554 0.22212767141807035 0.2182247107548027 0.21614067616562793 0.2069458725476765 0.21772079992234472 0.22134989565455856 0.0 0.20947703124283543 0.2148413552953069 0.21000020626306498 0.21221240337691405 
G001652565.fna 0.19152999476872726 0.22645730254918245 0.20473966440336872 0.18397819691363532 0.2097781177863443 0.19377147372475917 0.20339659095384083 0.19632600416796359 0.19821131022652927 0.21827083559389499 0.20085490735515588 0.18710543297256188 0.20452268392427847 0.19514430859450502 0.22428522318352978 0.1835255647758207 0.22295634223939068 0.20299417711956505 0.17922036129168425 0.1972223107702398 0.19734763470065478 0.2293647718514364 0.20300986772911234 0.21008692148223546 0.2059665141122935 0.20732897155517233 0.20301194478832013 0.2077109594324118 0.21320621847353294 0.19924048485558682 0.19549742921764654 0.1757904827235931 0.2001078070176237 0.19842172989967502 0.20947703124283543 0.0 0.1893386022129112 0.1843839409852381 0.1876131081629802 
G001687365.fna 0.20408726744235522 0.21658472082681873 0.2140602376383705 0.1956572338566872 0.17533665375625782 0.20230490316401742 0.19741092805639032 0.20800412493482162 0.20531599461345662 0.22491816964437336 0.2036612364938805 0.14803739706654376 0.20961442635850502 0.19813872358049117 0.22141126713803658 0.19223611293748544 0.22685888128975185 0.1993163287271567 0.18972252118915706 0.20727966928508618 0.20120413115192914 0.19031220456221887 0.20772055539993456 0.2040731473760225 0.20535316125607905 0.20637183401936235 0.213921441157649 0.21484987123436844 0.18173148457732252 0.2187837351303327 0.20931314928787065 0.1695760882702374 0.14001776885269815 0.21076401879903647 0.2148413552953069 0.1893386022129112 0.0 0.18880334043467883 0.19931337346218336 
G001695855.fna 0.17844386370487894 0.23189016959986575 0.19125014215683261 0.17188883288037918 0.21520205233431752 0.2040318979995946 0.20650945269190968 0.18190706840424775 0.20769488085944138 0.21628299807002987 0.20428886848351208 0.18673235745463365 0.20716951249744772 0.20219241829832968 0.2265334861518245 0.1947728437733567 0.22618731231114308 0.20685478809955388 0.1447239500325173 0.20892446347172194 0.20680820800202698 0.23220940336551377 0.20960629649698642 0.21046838162773035 0.2073655647391516 0.21037286624104684 0.21439287212445862 0.21324600036122732 0.21677696436850788 0.21373624717944414 0.21045066182142252 0.18241920120377125 0.19503658471880708 0.21355490916811976 0.21000020626306498 0.1843839409852381 0.18880334043467883 0.0 0.1753613078384873 
G001889105.fna 0.15844152962715796 0.23680995444074343 0.16912538597588164 0.11259923423472326 0.22016427173124004 0.19899594345681298 0.21552397790159042 0.1576154724586996 0.2142829748925638 0.21916315433528047 0.20563414610293185 0.19111042081345525 0.20736467240736947 0.20212154259105491 0.23492587844354018 0.20010259464089003 0.2291321091804821 0.21134218995781978 0.17409889203800827 0.21185942787606857 0.20906185894686108 0.23965780036941525 0.21037009946448926 0.21614189073216433 0.21260473591845241 0.2165434386815574 0.21272501293219492 0.20206949430976895 0.22452604493480255 0.21288879842920222 0.2068066528679796 0.19277756927581335 0.21048692121111048 0.2222389603745819 0.21221240337691405 0.1876131081629802 0.19931337346218336 0.1753613078384873 0.0 
